0 1.0000 
0.025 1.0000 
0.05 1.0000 
0.07500000000000001 1.0000 
0.1 1.0000 
0.125 1.0000 
0.15000000000000002 1.0000 
0.17500000000000002 1.0000 
0.2 1.0000 
0.225 1.0000 
0.25 1.0000 
0.275 1.0000 
0.30000000000000004 1.0000 
0.325 1.0000 
0.35000000000000003 1.0000 
0.375 1.0000 
0.4 1.0000 
0.42500000000000004 1.0000 
0.45 1.0000 
0.47500000000000003 1.0000 
0.5 1.0000 
0.525 1.0000 
0.55 1.0000 
0.5750000000000001 1.0000 
0.6000000000000001 1.0000 
0.625 1.0000 
0.65 1.0000 
0.675 1.0000 
0.7000000000000001 1.0000 
0.7250000000000001 1.0000 
0.75 1.0000 
0.775 1.0000 
0.8 1.0000 
0.8250000000000001 1.0000 
0.8500000000000001 1.0000 
0.875 1.0000 
0.9 1.0000 
0.925 1.0000 
0.9500000000000001 1.0000 
0.9750000000000001 1.0000 
1 1.0000 
1 1
0 1
0 1.0000 
0.025 1.0000 
0.05 1.0194 
0.07500000000000001 1.0350 
0.1 1.0473 
0.125 1.0566 
0.15000000000000002 1.0634 
0.17500000000000002 1.0681 
0.2 1.0708 
0.225 1.0721 
0.25 1.0720 
0.275 1.0709 
0.30000000000000004 1.0689 
0.325 1.0663 
0.35000000000000003 1.0631 
0.375 1.0594 
0.4 1.0553 
0.42500000000000004 1.0510 
0.45 1.0464 
0.47500000000000003 1.0415 
0.5 1.0364 
0.525 1.0310 
0.55 1.0252 
0.5750000000000001 1.0191 
0.6000000000000001 1.0126 
0.625 1.0054 
0.65 0.9975 
0.675 0.9888 
0.7000000000000001 0.9790 
0.7250000000000001 0.9679 
0.75 0.9554 
0.775 0.9413 
0.8 0.9252 
0.8250000000000001 0.9070 
0.8500000000000001 0.8865 
0.875 0.8636 
0.9 0.8380 
0.925 0.8099 
0.9500000000000001 0.7792 
0.9750000000000001 0.7460 
1 0.7105 
1 0
0 0
0 1.0000 
0.025 1.0000 
0.05 1.0250 
0.07500000000000001 1.0461 
0.1 1.0636 
0.125 1.0778 
0.15000000000000002 1.0891 
0.17500000000000002 1.0976 
0.2 1.1038 
0.225 1.1077 
0.25 1.1096 
0.275 1.1097 
0.30000000000000004 1.1083 
0.325 1.1054 
0.35000000000000003 1.1012 
0.375 1.0959 
0.4 1.0895 
0.42500000000000004 1.0821 
0.45 1.0738 
0.47500000000000003 1.0646 
0.5 1.0545 
0.525 1.0436 
0.55 1.0319 
0.5750000000000001 1.0192 
0.6000000000000001 1.0057 
0.625 0.9912 
0.65 0.9756 
0.675 0.9590 
0.7000000000000001 0.9413 
0.7250000000000001 0.9224 
0.75 0.9023 
0.775 0.8809 
0.8 0.8583 
0.8250000000000001 0.8343 
0.8500000000000001 0.8090 
0.875 0.7825 
0.9 0.7547 
0.925 0.7258 
0.9500000000000001 0.6958 
0.9750000000000001 0.6649 
1 0.6332 
1 0
0 0
0 1.0000 
0.025 1.0000 
0.05 1.0278 
0.07500000000000001 1.0516 
0.1 1.0717 
0.125 1.0884 
0.15000000000000002 1.1018 
0.17500000000000002 1.1123 
0.2 1.1201 
0.225 1.1253 
0.25 1.1281 
0.275 1.1287 
0.30000000000000004 1.1273 
0.325 1.1240 
0.35000000000000003 1.1190 
0.375 1.1124 
0.4 1.1042 
0.42500000000000004 1.0946 
0.45 1.0837 
0.47500000000000003 1.0715 
0.5 1.0582 
0.525 1.0436 
0.55 1.0279 
0.5750000000000001 1.0112 
0.6000000000000001 0.9934 
0.625 0.9745 
0.65 0.9547 
0.675 0.9338 
0.7000000000000001 0.9120 
0.7250000000000001 0.8892 
0.75 0.8655 
0.775 0.8409 
0.8 0.8155 
0.8250000000000001 0.7892 
0.8500000000000001 0.7622 
0.875 0.7345 
0.9 0.7063 
0.925 0.6776 
0.9500000000000001 0.6484 
0.9750000000000001 0.6191 
1 0.5896 
1 0
0 0
0 1.0000 
0.025 1.0000 
0.05 1.0290 
0.07500000000000001 1.0541 
0.1 1.0754 
0.125 1.0931 
0.15000000000000002 1.1076 
0.17500000000000002 1.1189 
0.2 1.1272 
0.225 1.1328 
0.25 1.1359 
0.275 1.1365 
0.30000000000000004 1.1348 
0.325 1.1310 
0.35000000000000003 1.1252 
0.375 1.1176 
0.4 1.1082 
0.42500000000000004 1.0971 
0.45 1.0845 
0.47500000000000003 1.0705 
0.5 1.0550 
0.525 1.0383 
0.55 1.0203 
0.5750000000000001 1.0012 
0.6000000000000001 0.9810 
0.625 0.9597 
0.65 0.9375 
0.675 0.9143 
0.7000000000000001 0.8903 
0.7250000000000001 0.8655 
0.75 0.8400 
0.775 0.8138 
0.8 0.7870 
0.8250000000000001 0.7597 
0.8500000000000001 0.7320 
0.875 0.7040 
0.9 0.6757 
0.925 0.6473 
0.9500000000000001 0.6188 
0.9750000000000001 0.5905 
1 0.5623 
1 0
0 0
0 1.0000 
0.025 1.0000 
0.05 1.0295 
0.07500000000000001 1.0550 
0.1 1.0767 
0.125 1.0948 
0.15000000000000002 1.1095 
0.17500000000000002 1.1210 
0.2 1.1294 
0.225 1.1350 
0.25 1.1379 
0.275 1.1383 
0.30000000000000004 1.1363 
0.325 1.1320 
0.35000000000000003 1.1256 
0.375 1.1172 
0.4 1.1069 
0.42500000000000004 1.0948 
0.45 1.0811 
0.47500000000000003 1.0659 
0.5 1.0492 
0.525 1.0311 
0.55 1.0118 
0.5750000000000001 0.9913 
0.6000000000000001 0.9697 
0.625 0.9470 
0.65 0.9235 
0.675 0.8991 
0.7000000000000001 0.8739 
0.7250000000000001 0.8480 
0.75 0.8216 
0.775 0.7946 
0.8 0.7672 
0.8250000000000001 0.7394 
0.8500000000000001 0.7114 
0.875 0.6833 
0.9 0.6551 
0.925 0.6270 
0.9500000000000001 0.5991 
0.9750000000000001 0.5714 
1 0.5442 
1 0
0 0
0 1.0000 
0.025 1.0000 
0.05 1.0295 
0.07500000000000001 1.0550 
0.1 1.0767 
0.125 1.0948 
0.15000000000000002 1.1094 
0.17500000000000002 1.1208 
0.2 1.1291 
0.225 1.1345 
0.25 1.1372 
0.275 1.1372 
0.30000000000000004 1.1348 
0.325 1.1300 
0.35000000000000003 1.1231 
0.375 1.1141 
0.4 1.1032 
0.42500000000000004 1.0905 
0.45 1.0761 
0.47500000000000003 1.0600 
0.5 1.0425 
0.525 1.0237 
0.55 1.0035 
0.5750000000000001 0.9822 
0.6000000000000001 0.9598 
0.625 0.9364 
0.65 0.9121 
0.675 0.8870 
0.7000000000000001 0.8611 
0.7250000000000001 0.8347 
0.75 0.8078 
0.775 0.7804 
0.8 0.7527 
0.8250000000000001 0.7248 
0.8500000000000001 0.6967 
0.875 0.6686 
0.9 0.6406 
0.925 0.6128 
0.9500000000000001 0.5852 
0.9750000000000001 0.5581 
1 0.5315 
1 0
0 0
0 1.0000 
0.025 1.0000 
0.05 1.0293 
0.07500000000000001 1.0546 
0.1 1.0761 
0.125 1.0940 
0.15000000000000002 1.1084 
0.17500000000000002 1.1196 
0.2 1.1276 
0.225 1.1327 
0.25 1.1350 
0.275 1.1347 
0.30000000000000004 1.1319 
0.325 1.1268 
0.35000000000000003 1.1194 
0.375 1.1100 
0.4 1.0986 
0.42500000000000004 1.0854 
0.45 1.0704 
0.47500000000000003 1.0539 
0.5 1.0358 
0.525 1.0164 
0.55 0.9958 
0.5750000000000001 0.9739 
0.6000000000000001 0.9510 
0.625 0.9271 
0.65 0.9024 
0.675 0.8769 
0.7000000000000001 0.8507 
0.7250000000000001 0.8240 
0.75 0.7968 
0.775 0.7692 
0.8 0.7414 
0.8250000000000001 0.7134 
0.8500000000000001 0.6854 
0.875 0.6574 
0.9 0.6295 
0.925 0.6020 
0.9500000000000001 0.5748 
0.9750000000000001 0.5481 
1 0.5220 
1 0
0 0
0 1.0000 
0.025 1.0000 
0.05 1.0291 
0.07500000000000001 1.0541 
0.1 1.0754 
0.125 1.0930 
0.15000000000000002 1.1071 
0.17500000000000002 1.1180 
0.2 1.1257 
0.225 1.1306 
0.25 1.1326 
0.275 1.1319 
0.30000000000000004 1.1288 
0.325 1.1233 
0.35000000000000003 1.1156 
0.375 1.1058 
0.4 1.0941 
0.42500000000000004 1.0805 
0.45 1.0652 
0.47500000000000003 1.0483 
0.5 1.0299 
0.525 1.0101 
0.55 0.9891 
0.5750000000000001 0.9669 
0.6000000000000001 0.9437 
0.625 0.9196 
0.65 0.8946 
0.675 0.8689 
0.7000000000000001 0.8425 
0.7250000000000001 0.8156 
0.75 0.7883 
0.775 0.7607 
0.8 0.7328 
0.8250000000000001 0.7049 
0.8500000000000001 0.6769 
0.875 0.6490 
0.9 0.6213 
0.925 0.5940 
0.9500000000000001 0.5671 
0.9750000000000001 0.5407 
1 0.5149 
1 0
0 0
0 1.0000 
0.025 1.0000 
0.05 1.0288 
0.07500000000000001 1.0536 
0.1 1.0745 
0.125 1.0919 
0.15000000000000002 1.1057 
0.17500000000000002 1.1163 
0.2 1.1238 
0.225 1.1283 
0.25 1.1301 
0.275 1.1292 
0.30000000000000004 1.1257 
0.325 1.1200 
0.35000000000000003 1.1120 
0.375 1.1019 
0.4 1.0899 
0.42500000000000004 1.0760 
0.45 1.0604 
0.47500000000000003 1.0432 
0.5 1.0246 
0.525 1.0046 
0.55 0.9833 
0.5750000000000001 0.9610 
0.6000000000000001 0.9375 
0.625 0.9132 
0.65 0.8881 
0.675 0.8622 
0.7000000000000001 0.8358 
0.7250000000000001 0.8088 
0.75 0.7814 
0.775 0.7538 
0.8 0.7260 
0.8250000000000001 0.6981 
0.8500000000000001 0.6702 
0.875 0.6424 
0.9 0.6149 
0.925 0.5877 
0.9500000000000001 0.5610 
0.9750000000000001 0.5348 
1 0.5094 
1 0
0 0
0 1.0000 
0.025 1.0000 
0.05 1.0285 
0.07500000000000001 1.0531 
0.1 1.0738 
0.125 1.0908 
0.15000000000000002 1.1044 
0.17500000000000002 1.1148 
0.2 1.1220 
0.225 1.1263 
0.25 1.1277 
0.275 1.1266 
0.30000000000000004 1.1229 
0.325 1.1169 
0.35000000000000003 1.1087 
0.375 1.0983 
0.4 1.0861 
0.42500000000000004 1.0720 
0.45 1.0562 
0.47500000000000003 1.0388 
0.5 1.0200 
0.525 0.9998 
0.55 0.9784 
0.5750000000000001 0.9559 
0.6000000000000001 0.9323 
0.625 0.9079 
0.65 0.8826 
0.675 0.8567 
0.7000000000000001 0.8302 
0.7250000000000001 0.8032 
0.75 0.7758 
0.775 0.7482 
0.8 0.7204 
0.8250000000000001 0.6925 
0.8500000000000001 0.6647 
0.875 0.6370 
0.9 0.6097 
0.925 0.5826 
0.9500000000000001 0.5561 
0.9750000000000001 0.5301 
1 0.5049 
1 0
0 0
0 1.0000 
0.025 1.0000 
0.05 1.0283 
0.07500000000000001 1.0526 
0.1 1.0731 
0.125 1.0899 
0.15000000000000002 1.1033 
0.17500000000000002 1.1134 
0.2 1.1204 
0.225 1.1244 
0.25 1.1257 
0.275 1.1243 
0.30000000000000004 1.1204 
0.325 1.1142 
0.35000000000000003 1.1057 
0.375 1.0952 
0.4 1.0828 
0.42500000000000004 1.0685 
0.45 1.0525 
0.47500000000000003 1.0350 
0.5 1.0160 
0.525 0.9957 
0.55 0.9742 
0.5750000000000001 0.9515 
0.6000000000000001 0.9279 
0.625 0.9033 
0.65 0.8780 
0.675 0.8521 
0.7000000000000001 0.8255 
0.7250000000000001 0.7985 
0.75 0.7711 
0.775 0.7435 
0.8 0.7158 
0.8250000000000001 0.6880 
0.8500000000000001 0.6602 
0.875 0.6327 
0.9 0.6054 
0.925 0.5785 
0.9500000000000001 0.5521 
0.9750000000000001 0.5263 
1 0.5012 
1 0
0 0
0 1.0000 
0.025 1.0000 
0.05 1.0281 
0.07500000000000001 1.0522 
0.1 1.0724 
0.125 1.0891 
0.15000000000000002 1.1022 
0.17500000000000002 1.1121 
0.2 1.1189 
0.225 1.1228 
0.25 1.1238 
0.275 1.1223 
0.30000000000000004 1.1182 
0.325 1.1118 
0.35000000000000003 1.1032 
0.375 1.0925 
0.4 1.0799 
0.42500000000000004 1.0655 
0.45 1.0494 
0.47500000000000003 1.0317 
0.5 1.0126 
0.525 0.9922 
0.55 0.9706 
0.5750000000000001 0.9478 
0.6000000000000001 0.9241 
0.625 0.8995 
0.65 0.8742 
0.675 0.8482 
0.7000000000000001 0.8216 
0.7250000000000001 0.7946 
0.75 0.7672 
0.775 0.7396 
0.8 0.7119 
0.8250000000000001 0.6842 
0.8500000000000001 0.6565 
0.875 0.6290 
0.9 0.6018 
0.925 0.5751 
0.9500000000000001 0.5488 
0.9750000000000001 0.5232 
1 0.4982 
1 0
0 0
0 1.0000 
0.025 1.0000 
0.05 1.0279 
0.07500000000000001 1.0518 
0.1 1.0719 
0.125 1.0883 
0.15000000000000002 1.1013 
0.17500000000000002 1.1111 
0.2 1.1177 
0.225 1.1214 
0.25 1.1222 
0.275 1.1205 
0.30000000000000004 1.1163 
0.325 1.1098 
0.35000000000000003 1.1010 
0.375 1.0902 
0.4 1.0775 
0.42500000000000004 1.0629 
0.45 1.0467 
0.47500000000000003 1.0290 
0.5 1.0098 
0.525 0.9892 
0.55 0.9675 
0.5750000000000001 0.9447 
0.6000000000000001 0.9210 
0.625 0.8963 
0.65 0.8709 
0.675 0.8449 
0.7000000000000001 0.8183 
0.7250000000000001 0.7913 
0.75 0.7640 
0.775 0.7364 
0.8 0.7087 
0.8250000000000001 0.6810 
0.8500000000000001 0.6534 
0.875 0.6260 
0.9 0.5989 
0.925 0.5722 
0.9500000000000001 0.5461 
0.9750000000000001 0.5205 
1 0.4957 
1 0
0 0
0 1.0000 
0.025 1.0000 
0.05 1.0278 
0.07500000000000001 1.0515 
0.1 1.0714 
0.125 1.0877 
0.15000000000000002 1.1006 
0.17500000000000002 1.1101 
0.2 1.1166 
0.225 1.1201 
0.25 1.1209 
0.275 1.1190 
0.30000000000000004 1.1147 
0.325 1.1080 
0.35000000000000003 1.0991 
0.375 1.0882 
0.4 1.0754 
0.42500000000000004 1.0607 
0.45 1.0444 
0.47500000000000003 1.0266 
0.5 1.0073 
0.525 0.9867 
0.55 0.9650 
0.5750000000000001 0.9421 
0.6000000000000001 0.9183 
0.625 0.8936 
0.65 0.8682 
0.675 0.8421 
0.7000000000000001 0.8156 
0.7250000000000001 0.7886 
0.75 0.7612 
0.775 0.7337 
0.8 0.7060 
0.8250000000000001 0.6784 
0.8500000000000001 0.6508 
0.875 0.6235 
0.9 0.5964 
0.925 0.5698 
0.9500000000000001 0.5438 
0.9750000000000001 0.5183 
1 0.4936 
1 0
0 0
0 1.0000 
0.025 1.0000 
0.05 1.0276 
0.07500000000000001 1.0512 
0.1 1.0710 
0.125 1.0872 
0.15000000000000002 1.0999 
0.17500000000000002 1.1093 
0.2 1.1157 
0.225 1.1191 
0.25 1.1198 
0.275 1.1178 
0.30000000000000004 1.1133 
0.325 1.1065 
0.35000000000000003 1.0976 
0.375 1.0865 
0.4 1.0736 
0.42500000000000004 1.0589 
0.45 1.0425 
0.47500000000000003 1.0246 
0.5 1.0052 
0.525 0.9846 
0.55 0.9628 
0.5750000000000001 0.9399 
0.6000000000000001 0.9160 
0.625 0.8913 
0.65 0.8659 
0.675 0.8398 
0.7000000000000001 0.8132 
0.7250000000000001 0.7862 
0.75 0.7589 
0.775 0.7314 
0.8 0.7038 
0.8250000000000001 0.6761 
0.8500000000000001 0.6486 
0.875 0.6213 
0.9 0.5944 
0.925 0.5678 
0.9500000000000001 0.5418 
0.9750000000000001 0.5165 
1 0.4919 
1 0
0 0
0 1.0000 
0.025 1.0000 
0.05 1.0275 
0.07500000000000001 1.0510 
0.1 1.0707 
0.125 1.0867 
0.15000000000000002 1.0993 
0.17500000000000002 1.1087 
0.2 1.1149 
0.225 1.1182 
0.25 1.1188 
0.275 1.1167 
0.30000000000000004 1.1122 
0.325 1.1053 
0.35000000000000003 1.0962 
0.375 1.0851 
0.4 1.0721 
0.42500000000000004 1.0573 
0.45 1.0409 
0.47500000000000003 1.0229 
0.5 1.0035 
0.525 0.9828 
0.55 0.9609 
0.5750000000000001 0.9380 
0.6000000000000001 0.9141 
0.625 0.8894 
0.65 0.8640 
0.675 0.8379 
0.7000000000000001 0.8113 
0.7250000000000001 0.7843 
0.75 0.7570 
0.775 0.7295 
0.8 0.7019 
0.8250000000000001 0.6743 
0.8500000000000001 0.6468 
0.875 0.6196 
0.9 0.5926 
0.925 0.5662 
0.9500000000000001 0.5402 
0.9750000000000001 0.5149 
1 0.4904 
1 0
0 0
0 1.0000 
0.025 1.0000 
0.05 1.0274 
0.07500000000000001 1.0508 
0.1 1.0704 
0.125 1.0864 
0.15000000000000002 1.0989 
0.17500000000000002 1.1081 
0.2 1.1143 
0.225 1.1175 
0.25 1.1180 
0.275 1.1158 
0.30000000000000004 1.1112 
0.325 1.1042 
0.35000000000000003 1.0951 
0.375 1.0839 
0.4 1.0709 
0.42500000000000004 1.0560 
0.45 1.0395 
0.47500000000000003 1.0215 
0.5 1.0020 
0.525 0.9813 
0.55 0.9594 
0.5750000000000001 0.9364 
0.6000000000000001 0.9125 
0.625 0.8878 
0.65 0.8623 
0.675 0.8362 
0.7000000000000001 0.8096 
0.7250000000000001 0.7826 
0.75 0.7553 
0.775 0.7278 
0.8 0.7003 
0.8250000000000001 0.6727 
0.8500000000000001 0.6453 
0.875 0.6181 
0.9 0.5912 
0.925 0.5647 
0.9500000000000001 0.5389 
0.9750000000000001 0.5136 
1 0.4892 
1 0
0 0
0 1.0000 
0.025 1.0000 
0.05 1.0273 
0.07500000000000001 1.0507 
0.1 1.0702 
0.125 1.0860 
0.15000000000000002 1.0985 
0.17500000000000002 1.1076 
0.2 1.1137 
0.225 1.1169 
0.25 1.1173 
0.275 1.1150 
0.30000000000000004 1.1103 
0.325 1.1033 
0.35000000000000003 1.0941 
0.375 1.0829 
0.4 1.0698 
0.42500000000000004 1.0549 
0.45 1.0383 
0.47500000000000003 1.0203 
0.5 1.0008 
0.525 0.9800 
0.55 0.9581 
0.5750000000000001 0.9351 
0.6000000000000001 0.9112 
0.625 0.8864 
0.65 0.8609 
0.675 0.8348 
0.7000000000000001 0.8082 
0.7250000000000001 0.7813 
0.75 0.7540 
0.775 0.7265 
0.8 0.6989 
0.8250000000000001 0.6714 
0.8500000000000001 0.6440 
0.875 0.6168 
0.9 0.5899 
0.925 0.5635 
0.9500000000000001 0.5377 
0.9750000000000001 0.5125 
1 0.4881 
1 0
0 0
0 1.0000 
0.025 1.0000 
0.05 1.0273 
0.07500000000000001 1.0505 
0.1 1.0700 
0.125 1.0858 
0.15000000000000002 1.0981 
0.17500000000000002 1.1072 
0.2 1.1133 
0.225 1.1163 
0.25 1.1167 
0.275 1.1144 
0.30000000000000004 1.1096 
0.325 1.1026 
0.35000000000000003 1.0933 
0.375 1.0821 
0.4 1.0689 
0.42500000000000004 1.0539 
0.45 1.0373 
0.47500000000000003 1.0192 
0.5 0.9997 
0.525 0.9789 
0.55 0.9570 
0.5750000000000001 0.9340 
0.6000000000000001 0.9100 
0.625 0.8853 
0.65 0.8598 
0.675 0.8337 
0.7000000000000001 0.8071 
0.7250000000000001 0.7801 
0.75 0.7528 
0.775 0.7253 
0.8 0.6978 
0.8250000000000001 0.6703 
0.8500000000000001 0.6429 
0.875 0.6157 
0.9 0.5889 
0.925 0.5625 
0.9500000000000001 0.5367 
0.9750000000000001 0.5116 
1 0.4872 
1 0
0 0
0 1.0000 
0.025 1.0000 
0.05 1.0272 
0.07500000000000001 1.0504 
0.1 1.0698 
0.125 1.0855 
0.15000000000000002 1.0978 
0.17500000000000002 1.1069 
0.2 1.1129 
0.225 1.1159 
0.25 1.1162 
0.275 1.1138 
0.30000000000000004 1.1090 
0.325 1.1019 
0.35000000000000003 1.0926 
0.375 1.0813 
0.4 1.0681 
0.42500000000000004 1.0531 
0.45 1.0365 
0.47500000000000003 1.0184 
0.5 0.9988 
0.525 0.9780 
0.55 0.9560 
0.5750000000000001 0.9330 
0.6000000000000001 0.9091 
0.625 0.8843 
0.65 0.8588 
0.675 0.8327 
0.7000000000000001 0.8061 
0.7250000000000001 0.7791 
0.75 0.7518 
0.775 0.7244 
0.8 0.6968 
0.8250000000000001 0.6693 
0.8500000000000001 0.6420 
0.875 0.6148 
0.9 0.5880 
0.925 0.5617 
0.9500000000000001 0.5359 
0.9750000000000001 0.5108 
1 0.4865 
1 0
0 0
0 1.0000 
0.025 1.0000 
0.05 1.0272 
0.07500000000000001 1.0503 
0.1 1.0696 
0.125 1.0853 
0.15000000000000002 1.0976 
0.17500000000000002 1.1066 
0.2 1.1125 
0.225 1.1155 
0.25 1.1157 
0.275 1.1134 
0.30000000000000004 1.1085 
0.325 1.1014 
0.35000000000000003 1.0921 
0.375 1.0807 
0.4 1.0675 
0.42500000000000004 1.0525 
0.45 1.0358 
0.47500000000000003 1.0176 
0.5 0.9981 
0.525 0.9772 
0.55 0.9553 
0.5750000000000001 0.9322 
0.6000000000000001 0.9082 
0.625 0.8835 
0.65 0.8580 
0.675 0.8319 
0.7000000000000001 0.8053 
0.7250000000000001 0.7783 
0.75 0.7510 
0.775 0.7235 
0.8 0.6960 
0.8250000000000001 0.6685 
0.8500000000000001 0.6412 
0.875 0.6141 
0.9 0.5873 
0.925 0.5610 
0.9500000000000001 0.5352 
0.9750000000000001 0.5102 
1 0.4859 
1 0
0 0
0 1.0000 
0.025 1.0000 
0.05 1.0271 
0.07500000000000001 1.0502 
0.1 1.0695 
0.125 1.0852 
0.15000000000000002 1.0974 
0.17500000000000002 1.1064 
0.2 1.1122 
0.225 1.1152 
0.25 1.1154 
0.275 1.1130 
0.30000000000000004 1.1081 
0.325 1.1009 
0.35000000000000003 1.0916 
0.375 1.0802 
0.4 1.0669 
0.42500000000000004 1.0519 
0.45 1.0352 
0.47500000000000003 1.0170 
0.5 0.9975 
0.525 0.9766 
0.55 0.9546 
0.5750000000000001 0.9315 
0.6000000000000001 0.9076 
0.625 0.8828 
0.65 0.8573 
0.675 0.8311 
0.7000000000000001 0.8045 
0.7250000000000001 0.7776 
0.75 0.7503 
0.775 0.7229 
0.8 0.6953 
0.8250000000000001 0.6679 
0.8500000000000001 0.6405 
0.875 0.6134 
0.9 0.5867 
0.925 0.5604 
0.9500000000000001 0.5347 
0.9750000000000001 0.5096 
1 0.4853 
1 0
0 0
0 1.0000 
0.025 1.0000 
0.05 1.0271 
0.07500000000000001 1.0501 
0.1 1.0694 
0.125 1.0850 
0.15000000000000002 1.0972 
0.17500000000000002 1.1062 
0.2 1.1120 
0.225 1.1149 
0.25 1.1151 
0.275 1.1126 
0.30000000000000004 1.1077 
0.325 1.1005 
0.35000000000000003 1.0912 
0.375 1.0798 
0.4 1.0665 
0.42500000000000004 1.0514 
0.45 1.0347 
0.47500000000000003 1.0165 
0.5 0.9969 
0.525 0.9761 
0.55 0.9540 
0.5750000000000001 0.9310 
0.6000000000000001 0.9070 
0.625 0.8822 
0.65 0.8567 
0.675 0.8306 
0.7000000000000001 0.8040 
0.7250000000000001 0.7770 
0.75 0.7497 
0.775 0.7223 
0.8 0.6948 
0.8250000000000001 0.6673 
0.8500000000000001 0.6400 
0.875 0.6129 
0.9 0.5861 
0.925 0.5599 
0.9500000000000001 0.5342 
0.9750000000000001 0.5091 
1 0.4849 
1 0
0 0
0 1.0000 
0.025 1.0000 
0.05 1.0271 
0.07500000000000001 1.0501 
0.1 1.0693 
0.125 1.0849 
0.15000000000000002 1.0971 
0.17500000000000002 1.1060 
0.2 1.1118 
0.225 1.1147 
0.25 1.1148 
0.275 1.1124 
0.30000000000000004 1.1074 
0.325 1.1002 
0.35000000000000003 1.0908 
0.375 1.0794 
0.4 1.0661 
0.42500000000000004 1.0510 
0.45 1.0343 
0.47500000000000003 1.0161 
0.5 0.9965 
0.525 0.9756 
0.55 0.9536 
0.5750000000000001 0.9305 
0.6000000000000001 0.9065 
0.625 0.8817 
0.65 0.8562 
0.675 0.8301 
0.7000000000000001 0.8035 
0.7250000000000001 0.7765 
0.75 0.7492 
0.775 0.7218 
0.8 0.6943 
0.8250000000000001 0.6668 
0.8500000000000001 0.6395 
0.875 0.6124 
0.9 0.5857 
0.925 0.5594 
0.9500000000000001 0.5338 
0.9750000000000001 0.5087 
1 0.4845 
1 0
0 0
0 1.0000 
0.025 1.0000 
0.05 1.0270 
0.07500000000000001 1.0500 
0.1 1.0692 
0.125 1.0848 
0.15000000000000002 1.0970 
0.17500000000000002 1.1058 
0.2 1.1116 
0.225 1.1145 
0.25 1.1146 
0.275 1.1121 
0.30000000000000004 1.1072 
0.325 1.0999 
0.35000000000000003 1.0905 
0.375 1.0791 
0.4 1.0658 
0.42500000000000004 1.0507 
0.45 1.0339 
0.47500000000000003 1.0157 
0.5 0.9961 
0.525 0.9752 
0.55 0.9532 
0.5750000000000001 0.9301 
0.6000000000000001 0.9061 
0.625 0.8813 
0.65 0.8557 
0.675 0.8296 
0.7000000000000001 0.8030 
0.7250000000000001 0.7760 
0.75 0.7488 
0.775 0.7214 
0.8 0.6939 
0.8250000000000001 0.6664 
0.8500000000000001 0.6391 
0.875 0.6120 
0.9 0.5853 
0.925 0.5591 
0.9500000000000001 0.5334 
0.9750000000000001 0.5084 
1 0.4842 
1 0
0 0
0 1.0000 
0.025 1.0000 
0.05 1.0270 
0.07500000000000001 1.0500 
0.1 1.0692 
0.125 1.0847 
0.15000000000000002 1.0969 
0.17500000000000002 1.1057 
0.2 1.1115 
0.225 1.1143 
0.25 1.1144 
0.275 1.1119 
0.30000000000000004 1.1070 
0.325 1.0997 
0.35000000000000003 1.0903 
0.375 1.0788 
0.4 1.0655 
0.42500000000000004 1.0504 
0.45 1.0336 
0.47500000000000003 1.0154 
0.5 0.9958 
0.525 0.9749 
0.55 0.9528 
0.5750000000000001 0.9297 
0.6000000000000001 0.9057 
0.625 0.8809 
0.65 0.8554 
0.675 0.8293 
0.7000000000000001 0.8027 
0.7250000000000001 0.7757 
0.75 0.7484 
0.775 0.7210 
0.8 0.6935 
0.8250000000000001 0.6661 
0.8500000000000001 0.6388 
0.875 0.6117 
0.9 0.5850 
0.925 0.5588 
0.9500000000000001 0.5331 
0.9750000000000001 0.5081 
1 0.4839 
1 0
0 0
0 1.0000 
0.025 1.0000 
0.05 1.0270 
0.07500000000000001 1.0500 
0.1 1.0691 
0.125 1.0847 
0.15000000000000002 1.0968 
0.17500000000000002 1.1056 
0.2 1.1114 
0.225 1.1142 
0.25 1.1143 
0.275 1.1118 
0.30000000000000004 1.1068 
0.325 1.0995 
0.35000000000000003 1.0901 
0.375 1.0786 
0.4 1.0653 
0.42500000000000004 1.0501 
0.45 1.0334 
0.47500000000000003 1.0151 
0.5 0.9955 
0.525 0.9746 
0.55 0.9525 
0.5750000000000001 0.9295 
0.6000000000000001 0.9054 
0.625 0.8806 
0.65 0.8551 
0.675 0.8290 
0.7000000000000001 0.8024 
0.7250000000000001 0.7754 
0.75 0.7481 
0.775 0.7207 
0.8 0.6932 
0.8250000000000001 0.6658 
0.8500000000000001 0.6385 
0.875 0.6114 
0.9 0.5848 
0.925 0.5585 
0.9500000000000001 0.5329 
0.9750000000000001 0.5079 
1 0.4837 
1 0
0 0
0 1.0000 
0.025 1.0000 
0.05 1.0270 
0.07500000000000001 1.0499 
0.1 1.0691 
0.125 1.0846 
0.15000000000000002 1.0967 
0.17500000000000002 1.1055 
0.2 1.1113 
0.225 1.1141 
0.25 1.1142 
0.275 1.1116 
0.30000000000000004 1.1066 
0.325 1.0994 
0.35000000000000003 1.0899 
0.375 1.0784 
0.4 1.0651 
0.42500000000000004 1.0499 
0.45 1.0332 
0.47500000000000003 1.0149 
0.5 0.9953 
0.525 0.9744 
0.55 0.9523 
0.5750000000000001 0.9292 
0.6000000000000001 0.9052 
0.625 0.8804 
0.65 0.8548 
0.675 0.8287 
0.7000000000000001 0.8021 
0.7250000000000001 0.7751 
0.75 0.7479 
0.775 0.7205 
0.8 0.6930 
0.8250000000000001 0.6655 
0.8500000000000001 0.6383 
0.875 0.6112 
0.9 0.5845 
0.925 0.5583 
0.9500000000000001 0.5327 
0.9750000000000001 0.5077 
1 0.4835 
1 0
0 0
0 1.0000 
0.025 1.0000 
0.05 1.0270 
0.07500000000000001 1.0499 
0.1 1.0690 
0.125 1.0846 
0.15000000000000002 1.0966 
0.17500000000000002 1.1055 
0.2 1.1112 
0.225 1.1140 
0.25 1.1141 
0.275 1.1115 
0.30000000000000004 1.1065 
0.325 1.0992 
0.35000000000000003 1.0898 
0.375 1.0783 
0.4 1.0649 
0.42500000000000004 1.0498 
0.45 1.0330 
0.47500000000000003 1.0147 
0.5 0.9951 
0.525 0.9742 
0.55 0.9521 
0.5750000000000001 0.9290 
0.6000000000000001 0.9050 
0.625 0.8802 
0.65 0.8546 
0.675 0.8285 
0.7000000000000001 0.8019 
0.7250000000000001 0.7749 
0.75 0.7477 
0.775 0.7203 
0.8 0.6928 
0.8250000000000001 0.6653 
0.8500000000000001 0.6381 
0.875 0.6110 
0.9 0.5843 
0.925 0.5581 
0.9500000000000001 0.5325 
0.9750000000000001 0.5075 
1 0.4834 
1 0
0 0
0 1.0000 
0.025 1.0000 
0.05 1.0270 
0.07500000000000001 1.0499 
0.1 1.0690 
0.125 1.0845 
0.15000000000000002 1.0966 
0.17500000000000002 1.1054 
0.2 1.1111 
0.225 1.1139 
0.25 1.1140 
0.275 1.1114 
0.30000000000000004 1.1064 
0.325 1.0991 
0.35000000000000003 1.0896 
0.375 1.0781 
0.4 1.0648 
0.42500000000000004 1.0496 
0.45 1.0329 
0.47500000000000003 1.0146 
0.5 0.9949 
0.525 0.9740 
0.55 0.9519 
0.5750000000000001 0.9288 
0.6000000000000001 0.9048 
0.625 0.8800 
0.65 0.8544 
0.675 0.8283 
0.7000000000000001 0.8017 
0.7250000000000001 0.7747 
0.75 0.7475 
0.775 0.7201 
0.8 0.6926 
0.8250000000000001 0.6652 
0.8500000000000001 0.6379 
0.875 0.6109 
0.9 0.5842 
0.925 0.5580 
0.9500000000000001 0.5323 
0.9750000000000001 0.5074 
1 0.4832 
1 0
0 0
0 1.0000 
0.025 1.0000 
0.05 1.0269 
0.07500000000000001 1.0499 
0.1 1.0690 
0.125 1.0845 
0.15000000000000002 1.0965 
0.17500000000000002 1.1053 
0.2 1.1111 
0.225 1.1139 
0.25 1.1139 
0.275 1.1113 
0.30000000000000004 1.1063 
0.325 1.0990 
0.35000000000000003 1.0895 
0.375 1.0780 
0.4 1.0646 
0.42500000000000004 1.0495 
0.45 1.0327 
0.47500000000000003 1.0144 
0.5 0.9948 
0.525 0.9739 
0.55 0.9518 
0.5750000000000001 0.9287 
0.6000000000000001 0.9047 
0.625 0.8798 
0.65 0.8543 
0.675 0.8282 
0.7000000000000001 0.8016 
0.7250000000000001 0.7746 
0.75 0.7473 
0.775 0.7199 
0.8 0.6925 
0.8250000000000001 0.6650 
0.8500000000000001 0.6377 
0.875 0.6107 
0.9 0.5840 
0.925 0.5578 
0.9500000000000001 0.5322 
0.9750000000000001 0.5073 
1 0.4831 
1 0
0 0
0 1.0000 
0.025 1.0000 
0.05 1.0269 
0.07500000000000001 1.0499 
0.1 1.0690 
0.125 1.0845 
0.15000000000000002 1.0965 
0.17500000000000002 1.1053 
0.2 1.1110 
0.225 1.1138 
0.25 1.1138 
0.275 1.1113 
0.30000000000000004 1.1062 
0.325 1.0989 
0.35000000000000003 1.0894 
0.375 1.0779 
0.4 1.0645 
0.42500000000000004 1.0494 
0.45 1.0326 
0.47500000000000003 1.0143 
0.5 0.9947 
0.525 0.9737 
0.55 0.9517 
0.5750000000000001 0.9286 
0.6000000000000001 0.9045 
0.625 0.8797 
0.65 0.8542 
0.675 0.8281 
0.7000000000000001 0.8014 
0.7250000000000001 0.7745 
0.75 0.7472 
0.775 0.7198 
0.8 0.6923 
0.8250000000000001 0.6649 
0.8500000000000001 0.6376 
0.875 0.6106 
0.9 0.5839 
0.925 0.5577 
0.9500000000000001 0.5321 
0.9750000000000001 0.5072 
1 0.4830 
1 0
0 0
0 1.0000 
0.025 1.0000 
0.05 1.0269 
0.07500000000000001 1.0498 
0.1 1.0689 
0.125 1.0844 
0.15000000000000002 1.0965 
0.17500000000000002 1.1053 
0.2 1.1110 
0.225 1.1137 
0.25 1.1138 
0.275 1.1112 
0.30000000000000004 1.1062 
0.325 1.0988 
0.35000000000000003 1.0894 
0.375 1.0779 
0.4 1.0645 
0.42500000000000004 1.0493 
0.45 1.0325 
0.47500000000000003 1.0142 
0.5 0.9946 
0.525 0.9736 
0.55 0.9516 
0.5750000000000001 0.9285 
0.6000000000000001 0.9044 
0.625 0.8796 
0.65 0.8541 
0.675 0.8279 
0.7000000000000001 0.8013 
0.7250000000000001 0.7744 
0.75 0.7471 
0.775 0.7197 
0.8 0.6922 
0.8250000000000001 0.6648 
0.8500000000000001 0.6375 
0.875 0.6105 
0.9 0.5838 
0.925 0.5576 
0.9500000000000001 0.5320 
0.9750000000000001 0.5071 
1 0.4829 
1 0
0 0
0 1.0000 
0.025 1.0000 
0.05 1.0269 
0.07500000000000001 1.0498 
0.1 1.0689 
0.125 1.0844 
0.15000000000000002 1.0964 
0.17500000000000002 1.1052 
0.2 1.1109 
0.225 1.1137 
0.25 1.1137 
0.275 1.1111 
0.30000000000000004 1.1061 
0.325 1.0988 
0.35000000000000003 1.0893 
0.375 1.0778 
0.4 1.0644 
0.42500000000000004 1.0492 
0.45 1.0324 
0.47500000000000003 1.0142 
0.5 0.9945 
0.525 0.9736 
0.55 0.9515 
0.5750000000000001 0.9284 
0.6000000000000001 0.9043 
0.625 0.8795 
0.65 0.8540 
0.675 0.8279 
0.7000000000000001 0.8012 
0.7250000000000001 0.7743 
0.75 0.7470 
0.775 0.7196 
0.8 0.6921 
0.8250000000000001 0.6647 
0.8500000000000001 0.6374 
0.875 0.6104 
0.9 0.5838 
0.925 0.5576 
0.9500000000000001 0.5319 
0.9750000000000001 0.5070 
1 0.4829 
1 0
0 0
0 1.0000 
0.025 1.0000 
0.05 1.0269 
0.07500000000000001 1.0498 
0.1 1.0689 
0.125 1.0844 
0.15000000000000002 1.0964 
0.17500000000000002 1.1052 
0.2 1.1109 
0.225 1.1137 
0.25 1.1137 
0.275 1.1111 
0.30000000000000004 1.1061 
0.325 1.0987 
0.35000000000000003 1.0892 
0.375 1.0777 
0.4 1.0643 
0.42500000000000004 1.0492 
0.45 1.0324 
0.47500000000000003 1.0141 
0.5 0.9944 
0.525 0.9735 
0.55 0.9514 
0.5750000000000001 0.9283 
0.6000000000000001 0.9043 
0.625 0.8794 
0.65 0.8539 
0.675 0.8278 
0.7000000000000001 0.8012 
0.7250000000000001 0.7742 
0.75 0.7469 
0.775 0.7195 
0.8 0.6921 
0.8250000000000001 0.6646 
0.8500000000000001 0.6374 
0.875 0.6103 
0.9 0.5837 
0.925 0.5575 
0.9500000000000001 0.5319 
0.9750000000000001 0.5069 
1 0.4828 
1 0
0 0
0 1.0000 
0.025 1.0000 
0.05 1.0269 
0.07500000000000001 1.0498 
0.1 1.0689 
0.125 1.0844 
0.15000000000000002 1.0964 
0.17500000000000002 1.1052 
0.2 1.1109 
0.225 1.1136 
0.25 1.1137 
0.275 1.1111 
0.30000000000000004 1.1060 
0.325 1.0987 
0.35000000000000003 1.0892 
0.375 1.0777 
0.4 1.0643 
0.42500000000000004 1.0491 
0.45 1.0323 
0.47500000000000003 1.0140 
0.5 0.9944 
0.525 0.9734 
0.55 0.9513 
0.5750000000000001 0.9282 
0.6000000000000001 0.9042 
0.625 0.8794 
0.65 0.8538 
0.675 0.8277 
0.7000000000000001 0.8011 
0.7250000000000001 0.7741 
0.75 0.7469 
0.775 0.7195 
0.8 0.6920 
0.8250000000000001 0.6646 
0.8500000000000001 0.6373 
0.875 0.6103 
0.9 0.5836 
0.925 0.5574 
0.9500000000000001 0.5318 
0.9750000000000001 0.5069 
1 0.4828 
1 0
0 0
0 1.0000 
0.025 1.0000 
0.05 1.0269 
0.07500000000000001 1.0498 
0.1 1.0689 
0.125 1.0844 
0.15000000000000002 1.0964 
0.17500000000000002 1.1052 
0.2 1.1108 
0.225 1.1136 
0.25 1.1136 
0.275 1.1110 
0.30000000000000004 1.1060 
0.325 1.0987 
0.35000000000000003 1.0892 
0.375 1.0776 
0.4 1.0642 
0.42500000000000004 1.0491 
0.45 1.0323 
0.47500000000000003 1.0140 
0.5 0.9943 
0.525 0.9734 
0.55 0.9513 
0.5750000000000001 0.9282 
0.6000000000000001 0.9041 
0.625 0.8793 
0.65 0.8538 
0.675 0.8277 
0.7000000000000001 0.8011 
0.7250000000000001 0.7741 
0.75 0.7468 
0.775 0.7194 
0.8 0.6919 
0.8250000000000001 0.6645 
0.8500000000000001 0.6373 
0.875 0.6102 
0.9 0.5836 
0.925 0.5574 
0.9500000000000001 0.5318 
0.9750000000000001 0.5069 
1 0.4827 
1 0
0 0
0 1.0000 
0.025 1.0000 
0.05 1.0269 
0.07500000000000001 1.0498 
0.1 1.0689 
0.125 1.0843 
0.15000000000000002 1.0964 
0.17500000000000002 1.1051 
0.2 1.1108 
0.225 1.1136 
0.25 1.1136 
0.275 1.1110 
0.30000000000000004 1.1060 
0.325 1.0986 
0.35000000000000003 1.0891 
0.375 1.0776 
0.4 1.0642 
0.42500000000000004 1.0490 
0.45 1.0322 
0.47500000000000003 1.0139 
0.5 0.9943 
0.525 0.9733 
0.55 0.9512 
0.5750000000000001 0.9281 
0.6000000000000001 0.9041 
0.625 0.8793 
0.65 0.8537 
0.675 0.8276 
0.7000000000000001 0.8010 
0.7250000000000001 0.7740 
0.75 0.7468 
0.775 0.7194 
0.8 0.6919 
0.8250000000000001 0.6645 
0.8500000000000001 0.6372 
0.875 0.6102 
0.9 0.5835 
0.925 0.5574 
0.9500000000000001 0.5317 
0.9750000000000001 0.5068 
1 0.4827 
1 0
0 0
0 1.0000 
0.025 1.0000 
0.05 1.0269 
0.07500000000000001 1.0498 
0.1 1.0689 
0.125 1.0843 
0.15000000000000002 1.0964 
0.17500000000000002 1.1051 
0.2 1.1108 
0.225 1.1136 
0.25 1.1136 
0.275 1.1110 
0.30000000000000004 1.1059 
0.325 1.0986 
0.35000000000000003 1.0891 
0.375 1.0776 
0.4 1.0642 
0.42500000000000004 1.0490 
0.45 1.0322 
0.47500000000000003 1.0139 
0.5 0.9942 
0.525 0.9733 
0.55 0.9512 
0.5750000000000001 0.9281 
0.6000000000000001 0.9041 
0.625 0.8792 
0.65 0.8537 
0.675 0.8276 
0.7000000000000001 0.8010 
0.7250000000000001 0.7740 
0.75 0.7467 
0.775 0.7193 
0.8 0.6919 
0.8250000000000001 0.6644 
0.8500000000000001 0.6372 
0.875 0.6102 
0.9 0.5835 
0.925 0.5573 
0.9500000000000001 0.5317 
0.9750000000000001 0.5068 
1 0.4827 
1 0
0 0
0 1.0000 
0.025 1.0000 
0.05 1.0269 
0.07500000000000001 1.0498 
0.1 1.0689 
0.125 1.0843 
0.15000000000000002 1.0964 
0.17500000000000002 1.1051 
0.2 1.1108 
0.225 1.1136 
0.25 1.1136 
0.275 1.1110 
0.30000000000000004 1.1059 
0.325 1.0986 
0.35000000000000003 1.0891 
0.375 1.0776 
0.4 1.0641 
0.42500000000000004 1.0490 
0.45 1.0322 
0.47500000000000003 1.0139 
0.5 0.9942 
0.525 0.9733 
0.55 0.9512 
0.5750000000000001 0.9281 
0.6000000000000001 0.9040 
0.625 0.8792 
0.65 0.8537 
0.675 0.8275 
0.7000000000000001 0.8009 
0.7250000000000001 0.7740 
0.75 0.7467 
0.775 0.7193 
0.8 0.6918 
0.8250000000000001 0.6644 
0.8500000000000001 0.6371 
0.875 0.6101 
0.9 0.5835 
0.925 0.5573 
0.9500000000000001 0.5317 
0.9750000000000001 0.5068 
1 0.4826 
1 0
0 0
0 1.0000 
0.025 1.0000 
0.05 1.0269 
0.07500000000000001 1.0498 
0.1 1.0689 
0.125 1.0843 
0.15000000000000002 1.0963 
0.17500000000000002 1.1051 
0.2 1.1108 
0.225 1.1135 
0.25 1.1136 
0.275 1.1110 
0.30000000000000004 1.1059 
0.325 1.0986 
0.35000000000000003 1.0891 
0.375 1.0775 
0.4 1.0641 
0.42500000000000004 1.0490 
0.45 1.0322 
0.47500000000000003 1.0139 
0.5 0.9942 
0.525 0.9732 
0.55 0.9512 
0.5750000000000001 0.9280 
0.6000000000000001 0.9040 
0.625 0.8792 
0.65 0.8536 
0.675 0.8275 
0.7000000000000001 0.8009 
0.7250000000000001 0.7739 
0.75 0.7467 
0.775 0.7193 
0.8 0.6918 
0.8250000000000001 0.6644 
0.8500000000000001 0.6371 
0.875 0.6101 
0.9 0.5835 
0.925 0.5573 
0.9500000000000001 0.5317 
0.9750000000000001 0.5067 
1 0.4826 
1 0
0 0
0 1.0000 
0.025 1.0000 
0.05 1.0269 
0.07500000000000001 1.0498 
0.1 1.0689 
0.125 1.0843 
0.15000000000000002 1.0963 
0.17500000000000002 1.1051 
0.2 1.1108 
0.225 1.1135 
0.25 1.1135 
0.275 1.1109 
0.30000000000000004 1.1059 
0.325 1.0986 
0.35000000000000003 1.0890 
0.375 1.0775 
0.4 1.0641 
0.42500000000000004 1.0489 
0.45 1.0321 
0.47500000000000003 1.0138 
0.5 0.9942 
0.525 0.9732 
0.55 0.9511 
0.5750000000000001 0.9280 
0.6000000000000001 0.9040 
0.625 0.8791 
0.65 0.8536 
0.675 0.8275 
0.7000000000000001 0.8009 
0.7250000000000001 0.7739 
0.75 0.7467 
0.775 0.7193 
0.8 0.6918 
0.8250000000000001 0.6644 
0.8500000000000001 0.6371 
0.875 0.6101 
0.9 0.5834 
0.925 0.5573 
0.9500000000000001 0.5316 
0.9750000000000001 0.5067 
1 0.4826 
1 0
0 0
0 1.0000 
0.025 1.0000 
0.05 1.0269 
0.07500000000000001 1.0498 
0.1 1.0689 
0.125 1.0843 
0.15000000000000002 1.0963 
0.17500000000000002 1.1051 
0.2 1.1108 
0.225 1.1135 
0.25 1.1135 
0.275 1.1109 
0.30000000000000004 1.1059 
0.325 1.0985 
0.35000000000000003 1.0890 
0.375 1.0775 
0.4 1.0641 
0.42500000000000004 1.0489 
0.45 1.0321 
0.47500000000000003 1.0138 
0.5 0.9941 
0.525 0.9732 
0.55 0.9511 
0.5750000000000001 0.9280 
0.6000000000000001 0.9040 
0.625 0.8791 
0.65 0.8536 
0.675 0.8275 
0.7000000000000001 0.8009 
0.7250000000000001 0.7739 
0.75 0.7466 
0.775 0.7192 
0.8 0.6918 
0.8250000000000001 0.6643 
0.8500000000000001 0.6371 
0.875 0.6101 
0.9 0.5834 
0.925 0.5572 
0.9500000000000001 0.5316 
0.9750000000000001 0.5067 
1 0.4826 
1 0
0 0
0 1.0000 
0.025 1.0000 
0.05 1.0269 
0.07500000000000001 1.0498 
0.1 1.0689 
0.125 1.0843 
0.15000000000000002 1.0963 
0.17500000000000002 1.1051 
0.2 1.1108 
0.225 1.1135 
0.25 1.1135 
0.275 1.1109 
0.30000000000000004 1.1059 
0.325 1.0985 
0.35000000000000003 1.0890 
0.375 1.0775 
0.4 1.0641 
0.42500000000000004 1.0489 
0.45 1.0321 
0.47500000000000003 1.0138 
0.5 0.9941 
0.525 0.9732 
0.55 0.9511 
0.5750000000000001 0.9280 
0.6000000000000001 0.9039 
0.625 0.8791 
0.65 0.8536 
0.675 0.8274 
0.7000000000000001 0.8008 
0.7250000000000001 0.7739 
0.75 0.7466 
0.775 0.7192 
0.8 0.6917 
0.8250000000000001 0.6643 
0.8500000000000001 0.6371 
0.875 0.6100 
0.9 0.5834 
0.925 0.5572 
0.9500000000000001 0.5316 
0.9750000000000001 0.5067 
1 0.4826 
1 0
0 0
0 1.0000 
0.025 1.0000 
0.05 1.0269 
0.07500000000000001 1.0498 
0.1 1.0689 
0.125 1.0843 
0.15000000000000002 1.0963 
0.17500000000000002 1.1051 
0.2 1.1108 
0.225 1.1135 
0.25 1.1135 
0.275 1.1109 
0.30000000000000004 1.1059 
0.325 1.0985 
0.35000000000000003 1.0890 
0.375 1.0775 
0.4 1.0641 
0.42500000000000004 1.0489 
0.45 1.0321 
0.47500000000000003 1.0138 
0.5 0.9941 
0.525 0.9732 
0.55 0.9511 
0.5750000000000001 0.9280 
0.6000000000000001 0.9039 
0.625 0.8791 
0.65 0.8536 
0.675 0.8274 
0.7000000000000001 0.8008 
0.7250000000000001 0.7739 
0.75 0.7466 
0.775 0.7192 
0.8 0.6917 
0.8250000000000001 0.6643 
0.8500000000000001 0.6370 
0.875 0.6100 
0.9 0.5834 
0.925 0.5572 
0.9500000000000001 0.5316 
0.9750000000000001 0.5067 
1 0.4826 
1 0
0 0
0 1.0000 
0.025 1.0000 
0.05 1.0269 
0.07500000000000001 1.0498 
0.1 1.0689 
0.125 1.0843 
0.15000000000000002 1.0963 
0.17500000000000002 1.1051 
0.2 1.1108 
0.225 1.1135 
0.25 1.1135 
0.275 1.1109 
0.30000000000000004 1.1059 
0.325 1.0985 
0.35000000000000003 1.0890 
0.375 1.0775 
0.4 1.0641 
0.42500000000000004 1.0489 
0.45 1.0321 
0.47500000000000003 1.0138 
0.5 0.9941 
0.525 0.9732 
0.55 0.9511 
0.5750000000000001 0.9280 
0.6000000000000001 0.9039 
0.625 0.8791 
0.65 0.8535 
0.675 0.8274 
0.7000000000000001 0.8008 
0.7250000000000001 0.7738 
0.75 0.7466 
0.775 0.7192 
0.8 0.6917 
0.8250000000000001 0.6643 
0.8500000000000001 0.6370 
0.875 0.6100 
0.9 0.5834 
0.925 0.5572 
0.9500000000000001 0.5316 
0.9750000000000001 0.5067 
1 0.4825 
1 0
0 0
0 1.0000 
0.025 1.0000 
0.05 1.0269 
0.07500000000000001 1.0498 
0.1 1.0689 
0.125 1.0843 
0.15000000000000002 1.0963 
0.17500000000000002 1.1051 
0.2 1.1107 
0.225 1.1135 
0.25 1.1135 
0.275 1.1109 
0.30000000000000004 1.1059 
0.325 1.0985 
0.35000000000000003 1.0890 
0.375 1.0775 
0.4 1.0640 
0.42500000000000004 1.0489 
0.45 1.0321 
0.47500000000000003 1.0138 
0.5 0.9941 
0.525 0.9731 
0.55 0.9511 
0.5750000000000001 0.9279 
0.6000000000000001 0.9039 
0.625 0.8791 
0.65 0.8535 
0.675 0.8274 
0.7000000000000001 0.8008 
0.7250000000000001 0.7738 
0.75 0.7466 
0.775 0.7192 
0.8 0.6917 
0.8250000000000001 0.6643 
0.8500000000000001 0.6370 
0.875 0.6100 
0.9 0.5834 
0.925 0.5572 
0.9500000000000001 0.5316 
0.9750000000000001 0.5067 
1 0.4825 
1 0
0 0
0 1.0000 
0.025 1.0000 
0.05 1.0269 
0.07500000000000001 1.0498 
0.1 1.0689 
0.125 1.0843 
0.15000000000000002 1.0963 
0.17500000000000002 1.1051 
0.2 1.1107 
0.225 1.1135 
0.25 1.1135 
0.275 1.1109 
0.30000000000000004 1.1058 
0.325 1.0985 
0.35000000000000003 1.0890 
0.375 1.0775 
0.4 1.0640 
0.42500000000000004 1.0489 
0.45 1.0321 
0.47500000000000003 1.0138 
0.5 0.9941 
0.525 0.9731 
0.55 0.9511 
0.5750000000000001 0.9279 
0.6000000000000001 0.9039 
0.625 0.8791 
0.65 0.8535 
0.675 0.8274 
0.7000000000000001 0.8008 
0.7250000000000001 0.7738 
0.75 0.7466 
0.775 0.7192 
0.8 0.6917 
0.8250000000000001 0.6643 
0.8500000000000001 0.6370 
0.875 0.6100 
0.9 0.5834 
0.925 0.5572 
0.9500000000000001 0.5316 
0.9750000000000001 0.5067 
1 0.4825 
1 0
0 0
0 1.0000 
0.025 1.0000 
0.05 1.0269 
0.07500000000000001 1.0498 
0.1 1.0688 
0.125 1.0843 
0.15000000000000002 1.0963 
0.17500000000000002 1.1051 
0.2 1.1107 
0.225 1.1135 
0.25 1.1135 
0.275 1.1109 
0.30000000000000004 1.1058 
0.325 1.0985 
0.35000000000000003 1.0890 
0.375 1.0775 
0.4 1.0640 
0.42500000000000004 1.0489 
0.45 1.0321 
0.47500000000000003 1.0138 
0.5 0.9941 
0.525 0.9731 
0.55 0.9510 
0.5750000000000001 0.9279 
0.6000000000000001 0.9039 
0.625 0.8791 
0.65 0.8535 
0.675 0.8274 
0.7000000000000001 0.8008 
0.7250000000000001 0.7738 
0.75 0.7466 
0.775 0.7192 
0.8 0.6917 
0.8250000000000001 0.6643 
0.8500000000000001 0.6370 
0.875 0.6100 
0.9 0.5834 
0.925 0.5572 
0.9500000000000001 0.5316 
0.9750000000000001 0.5067 
1 0.4825 
1 0
0 0
0 1.0000 
0.025 1.0000 
0.05 1.0269 
0.07500000000000001 1.0498 
0.1 1.0688 
0.125 1.0843 
0.15000000000000002 1.0963 
0.17500000000000002 1.1051 
0.2 1.1107 
0.225 1.1135 
0.25 1.1135 
0.275 1.1109 
0.30000000000000004 1.1058 
0.325 1.0985 
0.35000000000000003 1.0890 
0.375 1.0774 
0.4 1.0640 
0.42500000000000004 1.0489 
0.45 1.0321 
0.47500000000000003 1.0138 
0.5 0.9941 
0.525 0.9731 
0.55 0.9510 
0.5750000000000001 0.9279 
0.6000000000000001 0.9039 
0.625 0.8790 
0.65 0.8535 
0.675 0.8274 
0.7000000000000001 0.8008 
0.7250000000000001 0.7738 
0.75 0.7466 
0.775 0.7192 
0.8 0.6917 
0.8250000000000001 0.6643 
0.8500000000000001 0.6370 
0.875 0.6100 
0.9 0.5833 
0.925 0.5572 
0.9500000000000001 0.5316 
0.9750000000000001 0.5066 
1 0.4825 
1 0
0 0
0 1.0000 
0.025 1.0000 
0.05 1.0269 
0.07500000000000001 1.0498 
0.1 1.0688 
0.125 1.0843 
0.15000000000000002 1.0963 
0.17500000000000002 1.1051 
0.2 1.1107 
0.225 1.1135 
0.25 1.1135 
0.275 1.1109 
0.30000000000000004 1.1058 
0.325 1.0985 
0.35000000000000003 1.0890 
0.375 1.0774 
0.4 1.0640 
0.42500000000000004 1.0489 
0.45 1.0321 
0.47500000000000003 1.0138 
0.5 0.9941 
0.525 0.9731 
0.55 0.9510 
0.5750000000000001 0.9279 
0.6000000000000001 0.9039 
0.625 0.8790 
0.65 0.8535 
0.675 0.8274 
0.7000000000000001 0.8008 
0.7250000000000001 0.7738 
0.75 0.7466 
0.775 0.7192 
0.8 0.6917 
0.8250000000000001 0.6643 
0.8500000000000001 0.6370 
0.875 0.6100 
0.9 0.5833 
0.925 0.5572 
0.9500000000000001 0.5316 
0.9750000000000001 0.5066 
1 0.4825 
1 0
0 0
0 1.0000 
0.025 1.0000 
0.05 1.0269 
0.07500000000000001 1.0498 
0.1 1.0688 
0.125 1.0843 
0.15000000000000002 1.0963 
0.17500000000000002 1.1051 
0.2 1.1107 
0.225 1.1135 
0.25 1.1135 
0.275 1.1109 
0.30000000000000004 1.1058 
0.325 1.0985 
0.35000000000000003 1.0890 
0.375 1.0774 
0.4 1.0640 
0.42500000000000004 1.0489 
0.45 1.0321 
0.47500000000000003 1.0137 
0.5 0.9941 
0.525 0.9731 
0.55 0.9510 
0.5750000000000001 0.9279 
0.6000000000000001 0.9039 
0.625 0.8790 
0.65 0.8535 
0.675 0.8274 
0.7000000000000001 0.8008 
0.7250000000000001 0.7738 
0.75 0.7466 
0.775 0.7192 
0.8 0.6917 
0.8250000000000001 0.6643 
0.8500000000000001 0.6370 
0.875 0.6100 
0.9 0.5833 
0.925 0.5572 
0.9500000000000001 0.5316 
0.9750000000000001 0.5066 
1 0.4825 
1 0
0 0
0 1.0000 
0.025 1.0000 
0.05 1.0269 
0.07500000000000001 1.0498 
0.1 1.0688 
0.125 1.0843 
0.15000000000000002 1.0963 
0.17500000000000002 1.1051 
0.2 1.1107 
0.225 1.1135 
0.25 1.1135 
0.275 1.1109 
0.30000000000000004 1.1058 
0.325 1.0985 
0.35000000000000003 1.0890 
0.375 1.0774 
0.4 1.0640 
0.42500000000000004 1.0488 
0.45 1.0320 
0.47500000000000003 1.0137 
0.5 0.9941 
0.525 0.9731 
0.55 0.9510 
0.5750000000000001 0.9279 
0.6000000000000001 0.9039 
0.625 0.8790 
0.65 0.8535 
0.675 0.8274 
0.7000000000000001 0.8008 
0.7250000000000001 0.7738 
0.75 0.7466 
0.775 0.7191 
0.8 0.6917 
0.8250000000000001 0.6643 
0.8500000000000001 0.6370 
0.875 0.6100 
0.9 0.5833 
0.925 0.5572 
0.9500000000000001 0.5316 
0.9750000000000001 0.5066 
1 0.4825 
1 0
0 0
0 1.0000 
0.025 1.0000 
0.05 1.0269 
0.07500000000000001 1.0498 
0.1 1.0688 
0.125 1.0843 
0.15000000000000002 1.0963 
0.17500000000000002 1.1051 
0.2 1.1107 
0.225 1.1135 
0.25 1.1135 
0.275 1.1109 
0.30000000000000004 1.1058 
0.325 1.0985 
0.35000000000000003 1.0890 
0.375 1.0774 
0.4 1.0640 
0.42500000000000004 1.0488 
0.45 1.0320 
0.47500000000000003 1.0137 
0.5 0.9941 
0.525 0.9731 
0.55 0.9510 
0.5750000000000001 0.9279 
0.6000000000000001 0.9039 
0.625 0.8790 
0.65 0.8535 
0.675 0.8274 
0.7000000000000001 0.8008 
0.7250000000000001 0.7738 
0.75 0.7466 
0.775 0.7191 
0.8 0.6917 
0.8250000000000001 0.6643 
0.8500000000000001 0.6370 
0.875 0.6100 
0.9 0.5833 
0.925 0.5572 
0.9500000000000001 0.5316 
0.9750000000000001 0.5066 
1 0.4825 
1 0
0 0
0 1.0000 
0.025 1.0000 
0.05 1.0269 
0.07500000000000001 1.0498 
0.1 1.0688 
0.125 1.0843 
0.15000000000000002 1.0963 
0.17500000000000002 1.1051 
0.2 1.1107 
0.225 1.1135 
0.25 1.1135 
0.275 1.1109 
0.30000000000000004 1.1058 
0.325 1.0985 
0.35000000000000003 1.0890 
0.375 1.0774 
0.4 1.0640 
0.42500000000000004 1.0488 
0.45 1.0320 
0.47500000000000003 1.0137 
0.5 0.9941 
0.525 0.9731 
0.55 0.9510 
0.5750000000000001 0.9279 
0.6000000000000001 0.9039 
0.625 0.8790 
0.65 0.8535 
0.675 0.8274 
0.7000000000000001 0.8008 
0.7250000000000001 0.7738 
0.75 0.7465 
0.775 0.7191 
0.8 0.6917 
0.8250000000000001 0.6643 
0.8500000000000001 0.6370 
0.875 0.6100 
0.9 0.5833 
0.925 0.5572 
0.9500000000000001 0.5316 
0.9750000000000001 0.5066 
1 0.4825 
1 0
0 0
0 1.0000 
0.025 1.0000 
0.05 1.0269 
0.07500000000000001 1.0498 
0.1 1.0688 
0.125 1.0843 
0.15000000000000002 1.0963 
0.17500000000000002 1.1051 
0.2 1.1107 
0.225 1.1135 
0.25 1.1135 
0.275 1.1109 
0.30000000000000004 1.1058 
0.325 1.0985 
0.35000000000000003 1.0890 
0.375 1.0774 
0.4 1.0640 
0.42500000000000004 1.0488 
0.45 1.0320 
0.47500000000000003 1.0137 
0.5 0.9941 
0.525 0.9731 
0.55 0.9510 
0.5750000000000001 0.9279 
0.6000000000000001 0.9039 
0.625 0.8790 
0.65 0.8535 
0.675 0.8274 
0.7000000000000001 0.8008 
0.7250000000000001 0.7738 
0.75 0.7465 
0.775 0.7191 
0.8 0.6917 
0.8250000000000001 0.6643 
0.8500000000000001 0.6370 
0.875 0.6100 
0.9 0.5833 
0.925 0.5572 
0.9500000000000001 0.5315 
0.9750000000000001 0.5066 
1 0.4825 
1 0
0 0
0 1.0000 
0.025 1.0000 
0.05 1.0269 
0.07500000000000001 1.0498 
0.1 1.0688 
0.125 1.0843 
0.15000000000000002 1.0963 
0.17500000000000002 1.1051 
0.2 1.1107 
0.225 1.1135 
0.25 1.1135 
0.275 1.1109 
0.30000000000000004 1.1058 
0.325 1.0985 
0.35000000000000003 1.0890 
0.375 1.0774 
0.4 1.0640 
0.42500000000000004 1.0488 
0.45 1.0320 
0.47500000000000003 1.0137 
0.5 0.9941 
0.525 0.9731 
0.55 0.9510 
0.5750000000000001 0.9279 
0.6000000000000001 0.9039 
0.625 0.8790 
0.65 0.8535 
0.675 0.8274 
0.7000000000000001 0.8008 
0.7250000000000001 0.7738 
0.75 0.7465 
0.775 0.7191 
0.8 0.6917 
0.8250000000000001 0.6643 
0.8500000000000001 0.6370 
0.875 0.6100 
0.9 0.5833 
0.925 0.5572 
0.9500000000000001 0.5315 
0.9750000000000001 0.5066 
1 0.4825 
1 0
0 0
0 1.0000 
0.025 1.0000 
0.05 1.0269 
0.07500000000000001 1.0498 
0.1 1.0688 
0.125 1.0843 
0.15000000000000002 1.0963 
0.17500000000000002 1.1051 
0.2 1.1107 
0.225 1.1135 
0.25 1.1135 
0.275 1.1109 
0.30000000000000004 1.1058 
0.325 1.0985 
0.35000000000000003 1.0890 
0.375 1.0774 
0.4 1.0640 
0.42500000000000004 1.0488 
0.45 1.0320 
0.47500000000000003 1.0137 
0.5 0.9941 
0.525 0.9731 
0.55 0.9510 
0.5750000000000001 0.9279 
0.6000000000000001 0.9039 
0.625 0.8790 
0.65 0.8535 
0.675 0.8274 
0.7000000000000001 0.8008 
0.7250000000000001 0.7738 
0.75 0.7465 
0.775 0.7191 
0.8 0.6917 
0.8250000000000001 0.6643 
0.8500000000000001 0.6370 
0.875 0.6100 
0.9 0.5833 
0.925 0.5571 
0.9500000000000001 0.5315 
0.9750000000000001 0.5066 
1 0.4825 
1 0
0 0
0 1.0000 
0.025 1.0000 
0.05 1.0269 
0.07500000000000001 1.0498 
0.1 1.0688 
0.125 1.0843 
0.15000000000000002 1.0963 
0.17500000000000002 1.1051 
0.2 1.1107 
0.225 1.1135 
0.25 1.1135 
0.275 1.1109 
0.30000000000000004 1.1058 
0.325 1.0985 
0.35000000000000003 1.0890 
0.375 1.0774 
0.4 1.0640 
0.42500000000000004 1.0488 
0.45 1.0320 
0.47500000000000003 1.0137 
0.5 0.9941 
0.525 0.9731 
0.55 0.9510 
0.5750000000000001 0.9279 
0.6000000000000001 0.9039 
0.625 0.8790 
0.65 0.8535 
0.675 0.8274 
0.7000000000000001 0.8008 
0.7250000000000001 0.7738 
0.75 0.7465 
0.775 0.7191 
0.8 0.6917 
0.8250000000000001 0.6643 
0.8500000000000001 0.6370 
0.875 0.6100 
0.9 0.5833 
0.925 0.5571 
0.9500000000000001 0.5315 
0.9750000000000001 0.5066 
1 0.4825 
1 0
0 0
0 1.0000 
0.025 1.0000 
0.05 1.0269 
0.07500000000000001 1.0498 
0.1 1.0688 
0.125 1.0843 
0.15000000000000002 1.0963 
0.17500000000000002 1.1051 
0.2 1.1107 
0.225 1.1135 
0.25 1.1135 
0.275 1.1109 
0.30000000000000004 1.1058 
0.325 1.0985 
0.35000000000000003 1.0890 
0.375 1.0774 
0.4 1.0640 
0.42500000000000004 1.0488 
0.45 1.0320 
0.47500000000000003 1.0137 
0.5 0.9941 
0.525 0.9731 
0.55 0.9510 
0.5750000000000001 0.9279 
0.6000000000000001 0.9039 
0.625 0.8790 
0.65 0.8535 
0.675 0.8274 
0.7000000000000001 0.8008 
0.7250000000000001 0.7738 
0.75 0.7465 
0.775 0.7191 
0.8 0.6917 
0.8250000000000001 0.6642 
0.8500000000000001 0.6370 
0.875 0.6100 
0.9 0.5833 
0.925 0.5571 
0.9500000000000001 0.5315 
0.9750000000000001 0.5066 
1 0.4825 
1 0
0 0
0 1.0000 
0.025 1.0000 
0.05 1.0269 
0.07500000000000001 1.0498 
0.1 1.0688 
0.125 1.0843 
0.15000000000000002 1.0963 
0.17500000000000002 1.1051 
0.2 1.1107 
0.225 1.1135 
0.25 1.1135 
0.275 1.1109 
0.30000000000000004 1.1058 
0.325 1.0985 
0.35000000000000003 1.0890 
0.375 1.0774 
0.4 1.0640 
0.42500000000000004 1.0488 
0.45 1.0320 
0.47500000000000003 1.0137 
0.5 0.9940 
0.525 0.9731 
0.55 0.9510 
0.5750000000000001 0.9279 
0.6000000000000001 0.9039 
0.625 0.8790 
0.65 0.8535 
0.675 0.8274 
0.7000000000000001 0.8008 
0.7250000000000001 0.7738 
0.75 0.7465 
0.775 0.7191 
0.8 0.6917 
0.8250000000000001 0.6642 
0.8500000000000001 0.6370 
0.875 0.6100 
0.9 0.5833 
0.925 0.5571 
0.9500000000000001 0.5315 
0.9750000000000001 0.5066 
1 0.4825 
1 0
0 0
0 1.0000 
0.025 1.0000 
0.05 1.0269 
0.07500000000000001 1.0498 
0.1 1.0688 
0.125 1.0843 
0.15000000000000002 1.0963 
0.17500000000000002 1.1051 
0.2 1.1107 
0.225 1.1135 
0.25 1.1135 
0.275 1.1109 
0.30000000000000004 1.1058 
0.325 1.0985 
0.35000000000000003 1.0890 
0.375 1.0774 
0.4 1.0640 
0.42500000000000004 1.0488 
0.45 1.0320 
0.47500000000000003 1.0137 
0.5 0.9940 
0.525 0.9731 
0.55 0.9510 
0.5750000000000001 0.9279 
0.6000000000000001 0.9039 
0.625 0.8790 
0.65 0.8535 
0.675 0.8274 
0.7000000000000001 0.8008 
0.7250000000000001 0.7738 
0.75 0.7465 
0.775 0.7191 
0.8 0.6917 
0.8250000000000001 0.6642 
0.8500000000000001 0.6370 
0.875 0.6100 
0.9 0.5833 
0.925 0.5571 
0.9500000000000001 0.5315 
0.9750000000000001 0.5066 
1 0.4825 
1 0
0 0
0 1.0000 
0.025 1.0000 
0.05 1.0269 
0.07500000000000001 1.0498 
0.1 1.0688 
0.125 1.0843 
0.15000000000000002 1.0963 
0.17500000000000002 1.1051 
0.2 1.1107 
0.225 1.1135 
0.25 1.1135 
0.275 1.1109 
0.30000000000000004 1.1058 
0.325 1.0985 
0.35000000000000003 1.0890 
0.375 1.0774 
0.4 1.0640 
0.42500000000000004 1.0488 
0.45 1.0320 
0.47500000000000003 1.0137 
0.5 0.9940 
0.525 0.9731 
0.55 0.9510 
0.5750000000000001 0.9279 
0.6000000000000001 0.9039 
0.625 0.8790 
0.65 0.8535 
0.675 0.8274 
0.7000000000000001 0.8008 
0.7250000000000001 0.7738 
0.75 0.7465 
0.775 0.7191 
0.8 0.6917 
0.8250000000000001 0.6642 
0.8500000000000001 0.6370 
0.875 0.6100 
0.9 0.5833 
0.925 0.5571 
0.9500000000000001 0.5315 
0.9750000000000001 0.5066 
1 0.4825 
1 0
0 0
0 1.0000 
0.025 1.0000 
0.05 1.0269 
0.07500000000000001 1.0498 
0.1 1.0688 
0.125 1.0843 
0.15000000000000002 1.0963 
0.17500000000000002 1.1051 
0.2 1.1107 
0.225 1.1135 
0.25 1.1135 
0.275 1.1109 
0.30000000000000004 1.1058 
0.325 1.0985 
0.35000000000000003 1.0890 
0.375 1.0774 
0.4 1.0640 
0.42500000000000004 1.0488 
0.45 1.0320 
0.47500000000000003 1.0137 
0.5 0.9940 
0.525 0.9731 
0.55 0.9510 
0.5750000000000001 0.9279 
0.6000000000000001 0.9039 
0.625 0.8790 
0.65 0.8535 
0.675 0.8274 
0.7000000000000001 0.8008 
0.7250000000000001 0.7738 
0.75 0.7465 
0.775 0.7191 
0.8 0.6917 
0.8250000000000001 0.6642 
0.8500000000000001 0.6370 
0.875 0.6100 
0.9 0.5833 
0.925 0.5571 
0.9500000000000001 0.5315 
0.9750000000000001 0.5066 
1 0.4825 
1 0
0 0
0 1.0000 
0.025 1.0000 
0.05 1.0269 
0.07500000000000001 1.0498 
0.1 1.0688 
0.125 1.0843 
0.15000000000000002 1.0963 
0.17500000000000002 1.1051 
0.2 1.1107 
0.225 1.1135 
0.25 1.1135 
0.275 1.1109 
0.30000000000000004 1.1058 
0.325 1.0985 
0.35000000000000003 1.0890 
0.375 1.0774 
0.4 1.0640 
0.42500000000000004 1.0488 
0.45 1.0320 
0.47500000000000003 1.0137 
0.5 0.9940 
0.525 0.9731 
0.55 0.9510 
0.5750000000000001 0.9279 
0.6000000000000001 0.9039 
0.625 0.8790 
0.65 0.8535 
0.675 0.8274 
0.7000000000000001 0.8008 
0.7250000000000001 0.7738 
0.75 0.7465 
0.775 0.7191 
0.8 0.6917 
0.8250000000000001 0.6642 
0.8500000000000001 0.6370 
0.875 0.6100 
0.9 0.5833 
0.925 0.5571 
0.9500000000000001 0.5315 
0.9750000000000001 0.5066 
1 0.4825 
1 0
0 0
0 1.0000 
0.025 1.0000 
0.05 1.0269 
0.07500000000000001 1.0498 
0.1 1.0688 
0.125 1.0843 
0.15000000000000002 1.0963 
0.17500000000000002 1.1051 
0.2 1.1107 
0.225 1.1135 
0.25 1.1135 
0.275 1.1109 
0.30000000000000004 1.1058 
0.325 1.0985 
0.35000000000000003 1.0890 
0.375 1.0774 
0.4 1.0640 
0.42500000000000004 1.0488 
0.45 1.0320 
0.47500000000000003 1.0137 
0.5 0.9940 
0.525 0.9731 
0.55 0.9510 
0.5750000000000001 0.9279 
0.6000000000000001 0.9039 
0.625 0.8790 
0.65 0.8535 
0.675 0.8274 
0.7000000000000001 0.8008 
0.7250000000000001 0.7738 
0.75 0.7465 
0.775 0.7191 
0.8 0.6917 
0.8250000000000001 0.6642 
0.8500000000000001 0.6370 
0.875 0.6100 
0.9 0.5833 
0.925 0.5571 
0.9500000000000001 0.5315 
0.9750000000000001 0.5066 
1 0.4825 
1 0
0 0
0 1.0000 
0.025 1.0000 
0.05 1.0269 
0.07500000000000001 1.0498 
0.1 1.0688 
0.125 1.0843 
0.15000000000000002 1.0963 
0.17500000000000002 1.1051 
0.2 1.1107 
0.225 1.1135 
0.25 1.1135 
0.275 1.1109 
0.30000000000000004 1.1058 
0.325 1.0985 
0.35000000000000003 1.0890 
0.375 1.0774 
0.4 1.0640 
0.42500000000000004 1.0488 
0.45 1.0320 
0.47500000000000003 1.0137 
0.5 0.9940 
0.525 0.9731 
0.55 0.9510 
0.5750000000000001 0.9279 
0.6000000000000001 0.9039 
0.625 0.8790 
0.65 0.8535 
0.675 0.8274 
0.7000000000000001 0.8008 
0.7250000000000001 0.7738 
0.75 0.7465 
0.775 0.7191 
0.8 0.6917 
0.8250000000000001 0.6642 
0.8500000000000001 0.6370 
0.875 0.6100 
0.9 0.5833 
0.925 0.5571 
0.9500000000000001 0.5315 
0.9750000000000001 0.5066 
1 0.4825 
1 0
0 0
0 1.0000 
0.025 1.0000 
0.05 1.0269 
0.07500000000000001 1.0498 
0.1 1.0688 
0.125 1.0843 
0.15000000000000002 1.0963 
0.17500000000000002 1.1051 
0.2 1.1107 
0.225 1.1135 
0.25 1.1135 
0.275 1.1109 
0.30000000000000004 1.1058 
0.325 1.0985 
0.35000000000000003 1.0890 
0.375 1.0774 
0.4 1.0640 
0.42500000000000004 1.0488 
0.45 1.0320 
0.47500000000000003 1.0137 
0.5 0.9940 
0.525 0.9731 
0.55 0.9510 
0.5750000000000001 0.9279 
0.6000000000000001 0.9039 
0.625 0.8790 
0.65 0.8535 
0.675 0.8274 
0.7000000000000001 0.8008 
0.7250000000000001 0.7738 
0.75 0.7465 
0.775 0.7191 
0.8 0.6917 
0.8250000000000001 0.6642 
0.8500000000000001 0.6370 
0.875 0.6100 
0.9 0.5833 
0.925 0.5571 
0.9500000000000001 0.5315 
0.9750000000000001 0.5066 
1 0.4825 
1 0
0 0
0 1.0000 
0.025 1.0000 
0.05 1.0269 
0.07500000000000001 1.0498 
0.1 1.0688 
0.125 1.0843 
0.15000000000000002 1.0963 
0.17500000000000002 1.1051 
0.2 1.1107 
0.225 1.1135 
0.25 1.1135 
0.275 1.1109 
0.30000000000000004 1.1058 
0.325 1.0985 
0.35000000000000003 1.0890 
0.375 1.0774 
0.4 1.0640 
0.42500000000000004 1.0488 
0.45 1.0320 
0.47500000000000003 1.0137 
0.5 0.9940 
0.525 0.9731 
0.55 0.9510 
0.5750000000000001 0.9279 
0.6000000000000001 0.9039 
0.625 0.8790 
0.65 0.8535 
0.675 0.8274 
0.7000000000000001 0.8008 
0.7250000000000001 0.7738 
0.75 0.7465 
0.775 0.7191 
0.8 0.6917 
0.8250000000000001 0.6642 
0.8500000000000001 0.6370 
0.875 0.6100 
0.9 0.5833 
0.925 0.5571 
0.9500000000000001 0.5315 
0.9750000000000001 0.5066 
1 0.4825 
1 0
0 0
0 1.0000 
0.025 1.0000 
0.05 1.0269 
0.07500000000000001 1.0498 
0.1 1.0688 
0.125 1.0843 
0.15000000000000002 1.0963 
0.17500000000000002 1.1051 
0.2 1.1107 
0.225 1.1135 
0.25 1.1135 
0.275 1.1109 
0.30000000000000004 1.1058 
0.325 1.0985 
0.35000000000000003 1.0890 
0.375 1.0774 
0.4 1.0640 
0.42500000000000004 1.0488 
0.45 1.0320 
0.47500000000000003 1.0137 
0.5 0.9940 
0.525 0.9731 
0.55 0.9510 
0.5750000000000001 0.9279 
0.6000000000000001 0.9039 
0.625 0.8790 
0.65 0.8535 
0.675 0.8274 
0.7000000000000001 0.8008 
0.7250000000000001 0.7738 
0.75 0.7465 
0.775 0.7191 
0.8 0.6917 
0.8250000000000001 0.6642 
0.8500000000000001 0.6370 
0.875 0.6100 
0.9 0.5833 
0.925 0.5571 
0.9500000000000001 0.5315 
0.9750000000000001 0.5066 
1 0.4825 
1 0
0 0
0 1.0000 
0.025 1.0000 
0.05 1.0269 
0.07500000000000001 1.0498 
0.1 1.0688 
0.125 1.0843 
0.15000000000000002 1.0963 
0.17500000000000002 1.1051 
0.2 1.1107 
0.225 1.1135 
0.25 1.1135 
0.275 1.1109 
0.30000000000000004 1.1058 
0.325 1.0985 
0.35000000000000003 1.0890 
0.375 1.0774 
0.4 1.0640 
0.42500000000000004 1.0488 
0.45 1.0320 
0.47500000000000003 1.0137 
0.5 0.9940 
0.525 0.9731 
0.55 0.9510 
0.5750000000000001 0.9279 
0.6000000000000001 0.9039 
0.625 0.8790 
0.65 0.8535 
0.675 0.8274 
0.7000000000000001 0.8008 
0.7250000000000001 0.7738 
0.75 0.7465 
0.775 0.7191 
0.8 0.6917 
0.8250000000000001 0.6642 
0.8500000000000001 0.6370 
0.875 0.6100 
0.9 0.5833 
0.925 0.5571 
0.9500000000000001 0.5315 
0.9750000000000001 0.5066 
1 0.4825 
1 0
0 0
0 1.0000 
0.025 1.0000 
0.05 1.0269 
0.07500000000000001 1.0498 
0.1 1.0688 
0.125 1.0843 
0.15000000000000002 1.0963 
0.17500000000000002 1.1051 
0.2 1.1107 
0.225 1.1135 
0.25 1.1135 
0.275 1.1109 
0.30000000000000004 1.1058 
0.325 1.0985 
0.35000000000000003 1.0890 
0.375 1.0774 
0.4 1.0640 
0.42500000000000004 1.0488 
0.45 1.0320 
0.47500000000000003 1.0137 
0.5 0.9940 
0.525 0.9731 
0.55 0.9510 
0.5750000000000001 0.9279 
0.6000000000000001 0.9039 
0.625 0.8790 
0.65 0.8535 
0.675 0.8274 
0.7000000000000001 0.8008 
0.7250000000000001 0.7738 
0.75 0.7465 
0.775 0.7191 
0.8 0.6917 
0.8250000000000001 0.6642 
0.8500000000000001 0.6370 
0.875 0.6100 
0.9 0.5833 
0.925 0.5571 
0.9500000000000001 0.5315 
0.9750000000000001 0.5066 
1 0.4825 
1 0
0 0
0 1.0000 
0.025 1.0000 
0.05 1.0269 
0.07500000000000001 1.0498 
0.1 1.0688 
0.125 1.0843 
0.15000000000000002 1.0963 
0.17500000000000002 1.1051 
0.2 1.1107 
0.225 1.1135 
0.25 1.1135 
0.275 1.1109 
0.30000000000000004 1.1058 
0.325 1.0985 
0.35000000000000003 1.0890 
0.375 1.0774 
0.4 1.0640 
0.42500000000000004 1.0488 
0.45 1.0320 
0.47500000000000003 1.0137 
0.5 0.9940 
0.525 0.9731 
0.55 0.9510 
0.5750000000000001 0.9279 
0.6000000000000001 0.9039 
0.625 0.8790 
0.65 0.8535 
0.675 0.8274 
0.7000000000000001 0.8008 
0.7250000000000001 0.7738 
0.75 0.7465 
0.775 0.7191 
0.8 0.6917 
0.8250000000000001 0.6642 
0.8500000000000001 0.6370 
0.875 0.6100 
0.9 0.5833 
0.925 0.5571 
0.9500000000000001 0.5315 
0.9750000000000001 0.5066 
1 0.4825 
1 0
0 0
0 1.0000 
0.025 1.0000 
0.05 1.0269 
0.07500000000000001 1.0498 
0.1 1.0688 
0.125 1.0843 
0.15000000000000002 1.0963 
0.17500000000000002 1.1051 
0.2 1.1107 
0.225 1.1135 
0.25 1.1135 
0.275 1.1109 
0.30000000000000004 1.1058 
0.325 1.0985 
0.35000000000000003 1.0890 
0.375 1.0774 
0.4 1.0640 
0.42500000000000004 1.0488 
0.45 1.0320 
0.47500000000000003 1.0137 
0.5 0.9940 
0.525 0.9731 
0.55 0.9510 
0.5750000000000001 0.9279 
0.6000000000000001 0.9039 
0.625 0.8790 
0.65 0.8535 
0.675 0.8274 
0.7000000000000001 0.8008 
0.7250000000000001 0.7738 
0.75 0.7465 
0.775 0.7191 
0.8 0.6917 
0.8250000000000001 0.6642 
0.8500000000000001 0.6370 
0.875 0.6100 
0.9 0.5833 
0.925 0.5571 
0.9500000000000001 0.5315 
0.9750000000000001 0.5066 
1 0.4825 
1 0
0 0
0 1.0000 
0.025 1.0000 
0.05 1.0269 
0.07500000000000001 1.0498 
0.1 1.0688 
0.125 1.0843 
0.15000000000000002 1.0963 
0.17500000000000002 1.1051 
0.2 1.1107 
0.225 1.1135 
0.25 1.1135 
0.275 1.1109 
0.30000000000000004 1.1058 
0.325 1.0985 
0.35000000000000003 1.0890 
0.375 1.0774 
0.4 1.0640 
0.42500000000000004 1.0488 
0.45 1.0320 
0.47500000000000003 1.0137 
0.5 0.9940 
0.525 0.9731 
0.55 0.9510 
0.5750000000000001 0.9279 
0.6000000000000001 0.9039 
0.625 0.8790 
0.65 0.8535 
0.675 0.8274 
0.7000000000000001 0.8008 
0.7250000000000001 0.7738 
0.75 0.7465 
0.775 0.7191 
0.8 0.6917 
0.8250000000000001 0.6642 
0.8500000000000001 0.6370 
0.875 0.6100 
0.9 0.5833 
0.925 0.5571 
0.9500000000000001 0.5315 
0.9750000000000001 0.5066 
1 0.4825 
1 0
0 0
0 1.0000 
0.025 1.0000 
0.05 1.0269 
0.07500000000000001 1.0498 
0.1 1.0688 
0.125 1.0843 
0.15000000000000002 1.0963 
0.17500000000000002 1.1051 
0.2 1.1107 
0.225 1.1135 
0.25 1.1135 
0.275 1.1109 
0.30000000000000004 1.1058 
0.325 1.0985 
0.35000000000000003 1.0890 
0.375 1.0774 
0.4 1.0640 
0.42500000000000004 1.0488 
0.45 1.0320 
0.47500000000000003 1.0137 
0.5 0.9940 
0.525 0.9731 
0.55 0.9510 
0.5750000000000001 0.9279 
0.6000000000000001 0.9039 
0.625 0.8790 
0.65 0.8535 
0.675 0.8274 
0.7000000000000001 0.8008 
0.7250000000000001 0.7738 
0.75 0.7465 
0.775 0.7191 
0.8 0.6917 
0.8250000000000001 0.6642 
0.8500000000000001 0.6370 
0.875 0.6100 
0.9 0.5833 
0.925 0.5571 
0.9500000000000001 0.5315 
0.9750000000000001 0.5066 
1 0.4825 
1 0
0 0
0 1.0000 
0.025 1.0000 
0.05 1.0269 
0.07500000000000001 1.0498 
0.1 1.0688 
0.125 1.0843 
0.15000000000000002 1.0963 
0.17500000000000002 1.1051 
0.2 1.1107 
0.225 1.1135 
0.25 1.1135 
0.275 1.1109 
0.30000000000000004 1.1058 
0.325 1.0985 
0.35000000000000003 1.0890 
0.375 1.0774 
0.4 1.0640 
0.42500000000000004 1.0488 
0.45 1.0320 
0.47500000000000003 1.0137 
0.5 0.9940 
0.525 0.9731 
0.55 0.9510 
0.5750000000000001 0.9279 
0.6000000000000001 0.9039 
0.625 0.8790 
0.65 0.8535 
0.675 0.8274 
0.7000000000000001 0.8008 
0.7250000000000001 0.7738 
0.75 0.7465 
0.775 0.7191 
0.8 0.6917 
0.8250000000000001 0.6642 
0.8500000000000001 0.6370 
0.875 0.6100 
0.9 0.5833 
0.925 0.5571 
0.9500000000000001 0.5315 
0.9750000000000001 0.5066 
1 0.4825 
1 0
0 0
0 1.0000 
0.025 1.0000 
0.05 1.0269 
0.07500000000000001 1.0498 
0.1 1.0688 
0.125 1.0843 
0.15000000000000002 1.0963 
0.17500000000000002 1.1051 
0.2 1.1107 
0.225 1.1135 
0.25 1.1135 
0.275 1.1109 
0.30000000000000004 1.1058 
0.325 1.0985 
0.35000000000000003 1.0890 
0.375 1.0774 
0.4 1.0640 
0.42500000000000004 1.0488 
0.45 1.0320 
0.47500000000000003 1.0137 
0.5 0.9940 
0.525 0.9731 
0.55 0.9510 
0.5750000000000001 0.9279 
0.6000000000000001 0.9039 
0.625 0.8790 
0.65 0.8535 
0.675 0.8274 
0.7000000000000001 0.8008 
0.7250000000000001 0.7738 
0.75 0.7465 
0.775 0.7191 
0.8 0.6917 
0.8250000000000001 0.6642 
0.8500000000000001 0.6370 
0.875 0.6100 
0.9 0.5833 
0.925 0.5571 
0.9500000000000001 0.5315 
0.9750000000000001 0.5066 
1 0.4825 
1 0
0 0
0 1.0000 
0.025 1.0000 
0.05 1.0269 
0.07500000000000001 1.0498 
0.1 1.0688 
0.125 1.0843 
0.15000000000000002 1.0963 
0.17500000000000002 1.1051 
0.2 1.1107 
0.225 1.1135 
0.25 1.1135 
0.275 1.1109 
0.30000000000000004 1.1058 
0.325 1.0985 
0.35000000000000003 1.0890 
0.375 1.0774 
0.4 1.0640 
0.42500000000000004 1.0488 
0.45 1.0320 
0.47500000000000003 1.0137 
0.5 0.9940 
0.525 0.9731 
0.55 0.9510 
0.5750000000000001 0.9279 
0.6000000000000001 0.9039 
0.625 0.8790 
0.65 0.8535 
0.675 0.8274 
0.7000000000000001 0.8008 
0.7250000000000001 0.7738 
0.75 0.7465 
0.775 0.7191 
0.8 0.6917 
0.8250000000000001 0.6642 
0.8500000000000001 0.6370 
0.875 0.6100 
0.9 0.5833 
0.925 0.5571 
0.9500000000000001 0.5315 
0.9750000000000001 0.5066 
1 0.4825 
1 0
0 0
0 1.0000 
0.025 1.0000 
0.05 1.0269 
0.07500000000000001 1.0498 
0.1 1.0688 
0.125 1.0843 
0.15000000000000002 1.0963 
0.17500000000000002 1.1051 
0.2 1.1107 
0.225 1.1135 
0.25 1.1135 
0.275 1.1109 
0.30000000000000004 1.1058 
0.325 1.0985 
0.35000000000000003 1.0890 
0.375 1.0774 
0.4 1.0640 
0.42500000000000004 1.0488 
0.45 1.0320 
0.47500000000000003 1.0137 
0.5 0.9940 
0.525 0.9731 
0.55 0.9510 
0.5750000000000001 0.9279 
0.6000000000000001 0.9039 
0.625 0.8790 
0.65 0.8535 
0.675 0.8274 
0.7000000000000001 0.8008 
0.7250000000000001 0.7738 
0.75 0.7465 
0.775 0.7191 
0.8 0.6917 
0.8250000000000001 0.6642 
0.8500000000000001 0.6370 
0.875 0.6100 
0.9 0.5833 
0.925 0.5571 
0.9500000000000001 0.5315 
0.9750000000000001 0.5066 
1 0.4825 
1 0
0 0
0 1.0000 
0.025 1.0000 
0.05 1.0269 
0.07500000000000001 1.0498 
0.1 1.0688 
0.125 1.0843 
0.15000000000000002 1.0963 
0.17500000000000002 1.1051 
0.2 1.1107 
0.225 1.1135 
0.25 1.1135 
0.275 1.1109 
0.30000000000000004 1.1058 
0.325 1.0985 
0.35000000000000003 1.0890 
0.375 1.0774 
0.4 1.0640 
0.42500000000000004 1.0488 
0.45 1.0320 
0.47500000000000003 1.0137 
0.5 0.9940 
0.525 0.9731 
0.55 0.9510 
0.5750000000000001 0.9279 
0.6000000000000001 0.9039 
0.625 0.8790 
0.65 0.8535 
0.675 0.8274 
0.7000000000000001 0.8008 
0.7250000000000001 0.7738 
0.75 0.7465 
0.775 0.7191 
0.8 0.6917 
0.8250000000000001 0.6642 
0.8500000000000001 0.6370 
0.875 0.6100 
0.9 0.5833 
0.925 0.5571 
0.9500000000000001 0.5315 
0.9750000000000001 0.5066 
1 0.4825 
1 0
0 0
0 1.0000 
0.025 1.0000 
0.05 1.0269 
0.07500000000000001 1.0498 
0.1 1.0688 
0.125 1.0843 
0.15000000000000002 1.0963 
0.17500000000000002 1.1051 
0.2 1.1107 
0.225 1.1135 
0.25 1.1135 
0.275 1.1109 
0.30000000000000004 1.1058 
0.325 1.0985 
0.35000000000000003 1.0890 
0.375 1.0774 
0.4 1.0640 
0.42500000000000004 1.0488 
0.45 1.0320 
0.47500000000000003 1.0137 
0.5 0.9940 
0.525 0.9731 
0.55 0.9510 
0.5750000000000001 0.9279 
0.6000000000000001 0.9039 
0.625 0.8790 
0.65 0.8535 
0.675 0.8274 
0.7000000000000001 0.8008 
0.7250000000000001 0.7738 
0.75 0.7465 
0.775 0.7191 
0.8 0.6917 
0.8250000000000001 0.6642 
0.8500000000000001 0.6370 
0.875 0.6100 
0.9 0.5833 
0.925 0.5571 
0.9500000000000001 0.5315 
0.9750000000000001 0.5066 
1 0.4825 
1 0
0 0
0 1.0000 
0.025 1.0000 
0.05 1.0269 
0.07500000000000001 1.0498 
0.1 1.0688 
0.125 1.0843 
0.15000000000000002 1.0963 
0.17500000000000002 1.1051 
0.2 1.1107 
0.225 1.1135 
0.25 1.1135 
0.275 1.1109 
0.30000000000000004 1.1058 
0.325 1.0985 
0.35000000000000003 1.0890 
0.375 1.0774 
0.4 1.0640 
0.42500000000000004 1.0488 
0.45 1.0320 
0.47500000000000003 1.0137 
0.5 0.9940 
0.525 0.9731 
0.55 0.9510 
0.5750000000000001 0.9279 
0.6000000000000001 0.9039 
0.625 0.8790 
0.65 0.8535 
0.675 0.8274 
0.7000000000000001 0.8008 
0.7250000000000001 0.7738 
0.75 0.7465 
0.775 0.7191 
0.8 0.6917 
0.8250000000000001 0.6642 
0.8500000000000001 0.6370 
0.875 0.6100 
0.9 0.5833 
0.925 0.5571 
0.9500000000000001 0.5315 
0.9750000000000001 0.5066 
1 0.4825 
1 0
0 0
0 1.0000 
0.025 1.0000 
0.05 1.0269 
0.07500000000000001 1.0498 
0.1 1.0688 
0.125 1.0843 
0.15000000000000002 1.0963 
0.17500000000000002 1.1051 
0.2 1.1107 
0.225 1.1135 
0.25 1.1135 
0.275 1.1109 
0.30000000000000004 1.1058 
0.325 1.0985 
0.35000000000000003 1.0890 
0.375 1.0774 
0.4 1.0640 
0.42500000000000004 1.0488 
0.45 1.0320 
0.47500000000000003 1.0137 
0.5 0.9940 
0.525 0.9731 
0.55 0.9510 
0.5750000000000001 0.9279 
0.6000000000000001 0.9039 
0.625 0.8790 
0.65 0.8535 
0.675 0.8274 
0.7000000000000001 0.8008 
0.7250000000000001 0.7738 
0.75 0.7465 
0.775 0.7191 
0.8 0.6917 
0.8250000000000001 0.6642 
0.8500000000000001 0.6370 
0.875 0.6100 
0.9 0.5833 
0.925 0.5571 
0.9500000000000001 0.5315 
0.9750000000000001 0.5066 
1 0.4825 
1 0
0 0
0 1.0000 
0.025 1.0000 
0.05 1.0269 
0.07500000000000001 1.0498 
0.1 1.0688 
0.125 1.0843 
0.15000000000000002 1.0963 
0.17500000000000002 1.1051 
0.2 1.1107 
0.225 1.1135 
0.25 1.1135 
0.275 1.1109 
0.30000000000000004 1.1058 
0.325 1.0985 
0.35000000000000003 1.0890 
0.375 1.0774 
0.4 1.0640 
0.42500000000000004 1.0488 
0.45 1.0320 
0.47500000000000003 1.0137 
0.5 0.9940 
0.525 0.9731 
0.55 0.9510 
0.5750000000000001 0.9279 
0.6000000000000001 0.9039 
0.625 0.8790 
0.65 0.8535 
0.675 0.8274 
0.7000000000000001 0.8008 
0.7250000000000001 0.7738 
0.75 0.7465 
0.775 0.7191 
0.8 0.6917 
0.8250000000000001 0.6642 
0.8500000000000001 0.6370 
0.875 0.6100 
0.9 0.5833 
0.925 0.5571 
0.9500000000000001 0.5315 
0.9750000000000001 0.5066 
1 0.4825 
1 0
0 0
0 1.0000 
0.025 1.0000 
0.05 1.0269 
0.07500000000000001 1.0498 
0.1 1.0688 
0.125 1.0843 
0.15000000000000002 1.0963 
0.17500000000000002 1.1051 
0.2 1.1107 
0.225 1.1135 
0.25 1.1135 
0.275 1.1109 
0.30000000000000004 1.1058 
0.325 1.0985 
0.35000000000000003 1.0890 
0.375 1.0774 
0.4 1.0640 
0.42500000000000004 1.0488 
0.45 1.0320 
0.47500000000000003 1.0137 
0.5 0.9940 
0.525 0.9731 
0.55 0.9510 
0.5750000000000001 0.9279 
0.6000000000000001 0.9039 
0.625 0.8790 
0.65 0.8535 
0.675 0.8274 
0.7000000000000001 0.8008 
0.7250000000000001 0.7738 
0.75 0.7465 
0.775 0.7191 
0.8 0.6917 
0.8250000000000001 0.6642 
0.8500000000000001 0.6370 
0.875 0.6100 
0.9 0.5833 
0.925 0.5571 
0.9500000000000001 0.5315 
0.9750000000000001 0.5066 
1 0.4825 
1 0
0 0
0 1.0000 
0.025 1.0000 
0.05 1.0269 
0.07500000000000001 1.0498 
0.1 1.0688 
0.125 1.0843 
0.15000000000000002 1.0963 
0.17500000000000002 1.1051 
0.2 1.1107 
0.225 1.1135 
0.25 1.1135 
0.275 1.1109 
0.30000000000000004 1.1058 
0.325 1.0985 
0.35000000000000003 1.0890 
0.375 1.0774 
0.4 1.0640 
0.42500000000000004 1.0488 
0.45 1.0320 
0.47500000000000003 1.0137 
0.5 0.9940 
0.525 0.9731 
0.55 0.9510 
0.5750000000000001 0.9279 
0.6000000000000001 0.9039 
0.625 0.8790 
0.65 0.8535 
0.675 0.8274 
0.7000000000000001 0.8008 
0.7250000000000001 0.7738 
0.75 0.7465 
0.775 0.7191 
0.8 0.6917 
0.8250000000000001 0.6642 
0.8500000000000001 0.6370 
0.875 0.6100 
0.9 0.5833 
0.925 0.5571 
0.9500000000000001 0.5315 
0.9750000000000001 0.5066 
1 0.4825 
1 0
0 0
0 1.0000 
0.025 1.0000 
0.05 1.0269 
0.07500000000000001 1.0498 
0.1 1.0688 
0.125 1.0843 
0.15000000000000002 1.0963 
0.17500000000000002 1.1051 
0.2 1.1107 
0.225 1.1135 
0.25 1.1135 
0.275 1.1109 
0.30000000000000004 1.1058 
0.325 1.0985 
0.35000000000000003 1.0890 
0.375 1.0774 
0.4 1.0640 
0.42500000000000004 1.0488 
0.45 1.0320 
0.47500000000000003 1.0137 
0.5 0.9940 
0.525 0.9731 
0.55 0.9510 
0.5750000000000001 0.9279 
0.6000000000000001 0.9039 
0.625 0.8790 
0.65 0.8535 
0.675 0.8274 
0.7000000000000001 0.8008 
0.7250000000000001 0.7738 
0.75 0.7465 
0.775 0.7191 
0.8 0.6917 
0.8250000000000001 0.6642 
0.8500000000000001 0.6370 
0.875 0.6100 
0.9 0.5833 
0.925 0.5571 
0.9500000000000001 0.5315 
0.9750000000000001 0.5066 
1 0.4825 
1 0
0 0
0 1.0000 
0.025 1.0000 
0.05 1.0269 
0.07500000000000001 1.0498 
0.1 1.0688 
0.125 1.0843 
0.15000000000000002 1.0963 
0.17500000000000002 1.1051 
0.2 1.1107 
0.225 1.1135 
0.25 1.1135 
0.275 1.1109 
0.30000000000000004 1.1058 
0.325 1.0985 
0.35000000000000003 1.0890 
0.375 1.0774 
0.4 1.0640 
0.42500000000000004 1.0488 
0.45 1.0320 
0.47500000000000003 1.0137 
0.5 0.9940 
0.525 0.9731 
0.55 0.9510 
0.5750000000000001 0.9279 
0.6000000000000001 0.9039 
0.625 0.8790 
0.65 0.8535 
0.675 0.8274 
0.7000000000000001 0.8008 
0.7250000000000001 0.7738 
0.75 0.7465 
0.775 0.7191 
0.8 0.6917 
0.8250000000000001 0.6642 
0.8500000000000001 0.6370 
0.875 0.6100 
0.9 0.5833 
0.925 0.5571 
0.9500000000000001 0.5315 
0.9750000000000001 0.5066 
1 0.4825 
1 0
0 0
0 1.0000 
0.025 1.0000 
0.05 1.0269 
0.07500000000000001 1.0498 
0.1 1.0688 
0.125 1.0843 
0.15000000000000002 1.0963 
0.17500000000000002 1.1051 
0.2 1.1107 
0.225 1.1135 
0.25 1.1135 
0.275 1.1109 
0.30000000000000004 1.1058 
0.325 1.0985 
0.35000000000000003 1.0890 
0.375 1.0774 
0.4 1.0640 
0.42500000000000004 1.0488 
0.45 1.0320 
0.47500000000000003 1.0137 
0.5 0.9940 
0.525 0.9731 
0.55 0.9510 
0.5750000000000001 0.9279 
0.6000000000000001 0.9039 
0.625 0.8790 
0.65 0.8535 
0.675 0.8274 
0.7000000000000001 0.8008 
0.7250000000000001 0.7738 
0.75 0.7465 
0.775 0.7191 
0.8 0.6917 
0.8250000000000001 0.6642 
0.8500000000000001 0.6370 
0.875 0.6100 
0.9 0.5833 
0.925 0.5571 
0.9500000000000001 0.5315 
0.9750000000000001 0.5066 
1 0.4825 
1 0
0 0
0 1.0000 
0.025 1.0000 
0.05 1.0269 
0.07500000000000001 1.0498 
0.1 1.0688 
0.125 1.0843 
0.15000000000000002 1.0963 
0.17500000000000002 1.1051 
0.2 1.1107 
0.225 1.1135 
0.25 1.1135 
0.275 1.1109 
0.30000000000000004 1.1058 
0.325 1.0985 
0.35000000000000003 1.0890 
0.375 1.0774 
0.4 1.0640 
0.42500000000000004 1.0488 
0.45 1.0320 
0.47500000000000003 1.0137 
0.5 0.9940 
0.525 0.9731 
0.55 0.9510 
0.5750000000000001 0.9279 
0.6000000000000001 0.9039 
0.625 0.8790 
0.65 0.8535 
0.675 0.8274 
0.7000000000000001 0.8008 
0.7250000000000001 0.7738 
0.75 0.7465 
0.775 0.7191 
0.8 0.6917 
0.8250000000000001 0.6642 
0.8500000000000001 0.6370 
0.875 0.6100 
0.9 0.5833 
0.925 0.5571 
0.9500000000000001 0.5315 
0.9750000000000001 0.5066 
1 0.4825 
1 0
0 0
0 1.0000 
0.025 1.0000 
0.05 1.0269 
0.07500000000000001 1.0498 
0.1 1.0688 
0.125 1.0843 
0.15000000000000002 1.0963 
0.17500000000000002 1.1051 
0.2 1.1107 
0.225 1.1135 
0.25 1.1135 
0.275 1.1109 
0.30000000000000004 1.1058 
0.325 1.0985 
0.35000000000000003 1.0890 
0.375 1.0774 
0.4 1.0640 
0.42500000000000004 1.0488 
0.45 1.0320 
0.47500000000000003 1.0137 
0.5 0.9940 
0.525 0.9731 
0.55 0.9510 
0.5750000000000001 0.9279 
0.6000000000000001 0.9039 
0.625 0.8790 
0.65 0.8535 
0.675 0.8274 
0.7000000000000001 0.8008 
0.7250000000000001 0.7738 
0.75 0.7465 
0.775 0.7191 
0.8 0.6917 
0.8250000000000001 0.6642 
0.8500000000000001 0.6370 
0.875 0.6100 
0.9 0.5833 
0.925 0.5571 
0.9500000000000001 0.5315 
0.9750000000000001 0.5066 
1 0.4825 
1 0
0 0
0 1.0000 
0.025 1.0000 
0.05 1.0269 
0.07500000000000001 1.0498 
0.1 1.0688 
0.125 1.0843 
0.15000000000000002 1.0963 
0.17500000000000002 1.1051 
0.2 1.1107 
0.225 1.1135 
0.25 1.1135 
0.275 1.1109 
0.30000000000000004 1.1058 
0.325 1.0985 
0.35000000000000003 1.0890 
0.375 1.0774 
0.4 1.0640 
0.42500000000000004 1.0488 
0.45 1.0320 
0.47500000000000003 1.0137 
0.5 0.9940 
0.525 0.9731 
0.55 0.9510 
0.5750000000000001 0.9279 
0.6000000000000001 0.9039 
0.625 0.8790 
0.65 0.8535 
0.675 0.8274 
0.7000000000000001 0.8008 
0.7250000000000001 0.7738 
0.75 0.7465 
0.775 0.7191 
0.8 0.6917 
0.8250000000000001 0.6642 
0.8500000000000001 0.6370 
0.875 0.6100 
0.9 0.5833 
0.925 0.5571 
0.9500000000000001 0.5315 
0.9750000000000001 0.5066 
1 0.4825 
1 0
0 0
